1 26
1 51
1 76
1 101
2 27
2 31
2 52
2 77
2 102
3 28
3 53
3 61
3 78
3 103
4 29
4 54
4 79
4 91
4 104
5 30
5 55
5 80
5 105
5 121
6 26
6 31
6 56
6 81
6 106
7 27
7 32
7 57
7 82
7 107
8 28
8 33
8 58
8 83
8 108
9 29
9 34
9 59
9 84
9 109
10 30
10 35
10 60
10 85
10 110
11 36
11 51
11 61
11 86
11 111
12 37
12 52
12 62
12 87
12 112
13 38
13 53
13 63
13 88
13 113
14 39
14 54
14 64
14 89
14 114
15 40
15 55
15 65
15 90
15 115
16 41
16 66
16 76
16 91
16 116
17 42
17 67
17 77
17 92
17 117
18 43
18 68
18 78
18 93
18 118
19 44
19 69
19 79
19 94
19 119
20 45
20 70
20 80
20 95
20 120
21 46
21 71
21 96
21 101
21 121
22 47
22 72
22 97
22 102
22 122
23 48
23 73
23 98
23 103
23 123
24 49
24 74
24 99
24 104
24 124
25 50
25 75
25 100
25 105
25 125
26 51
26 76
26 101
27 52
27 77
27 102
28 53
28 78
28 103
29 54
29 79
29 104
30 55
30 80
30 105
31 56
31 81
31 106
32 57
32 82
32 107
33 58
33 62
33 83
33 108
34 59
34 84
34 92
34 109
35 60
35 85
35 110
35 122
36 56
36 61
36 86
36 111
37 57
37 62
37 87
37 112
38 58
38 63
38 88
38 113
39 59
39 64
39 89
39 114
40 60
40 65
40 90
40 115
41 66
41 81
41 91
41 116
42 67
42 82
42 92
42 117
43 68
43 83
43 93
43 118
44 69
44 84
44 94
44 119
45 70
45 85
45 95
45 120
46 71
46 96
46 106
46 121
47 72
47 97
47 107
47 122
48 73
48 98
48 108
48 123
49 74
49 99
49 109
49 124
50 75
50 100
50 110
50 125
51 76
51 101
52 77
52 102
53 78
53 103
54 79
54 104
55 80
55 105
56 81
56 106
57 82
57 107
58 83
58 108
59 84
59 109
60 85
60 110
61 86
61 111
62 87
62 112
63 88
63 113
64 89
64 93
64 114
65 90
65 115
65 123
66 86
66 91
66 116
67 87
67 92
67 117
68 88
68 93
68 118
69 89
69 94
69 119
70 90
70 95
70 120
71 96
71 111
71 121
72 97
72 112
72 122
73 98
73 113
73 123
74 99
74 114
74 124
75 100
75 115
75 125
76 101
77 102
78 103
79 104
80 105
81 106
82 107
83 108
84 109
85 110
86 111
87 112
88 113
89 114
90 115
91 116
92 117
93 118
94 119
95 120
95 124
96 116
96 121
97 117
97 122
98 118
98 123
99 119
99 124
100 120
100 125
