1 65
1 129
1 193
2 66
2 85
2 130
2 194
3 67
3 131
3 169
3 195
4 68
4 132
4 196
4 253
5 69
5 81
5 133
5 197
6 70
6 82
6 134
6 198
7 71
7 83
7 135
7 199
8 72
8 84
8 136
8 200
9 73
9 137
9 161
9 201
10 74
10 138
10 162
10 202
11 75
11 139
11 163
11 203
12 76
12 140
12 164
12 204
13 77
13 141
13 205
13 241
14 78
14 142
14 206
14 242
15 79
15 143
15 207
15 243
16 80
16 144
16 208
16 244
17 65
17 81
17 145
17 209
18 66
18 82
18 146
18 210
19 67
19 83
19 147
19 211
20 68
20 84
20 148
20 212
21 69
21 85
21 149
21 213
22 70
22 86
22 150
22 214
23 71
23 87
23 151
23 215
24 72
24 88
24 152
24 216
25 73
25 89
25 153
25 217
26 74
26 90
26 154
26 218
27 75
27 91
27 155
27 219
28 76
28 92
28 156
28 220
29 77
29 93
29 157
29 221
30 78
30 94
30 158
30 222
31 79
31 95
31 159
31 223
32 80
32 96
32 160
32 224
33 97
33 129
33 161
33 225
34 98
34 130
34 162
34 226
35 99
35 131
35 163
35 227
36 100
36 132
36 164
36 228
37 101
37 133
37 165
37 229
38 102
38 134
38 166
38 230
39 103
39 135
39 167
39 231
40 104
40 136
40 168
40 232
41 105
41 137
41 169
41 233
42 106
42 138
42 170
42 234
43 107
43 139
43 171
43 235
44 108
44 140
44 172
44 236
45 109
45 141
45 173
45 237
46 110
46 142
46 174
46 238
47 111
47 143
47 175
47 239
48 112
48 144
48 176
48 240
49 113
49 177
49 193
49 241
50 114
50 178
50 194
50 242
51 115
51 179
51 195
51 243
52 116
52 180
52 196
52 244
53 117
53 181
53 197
53 245
54 118
54 182
54 198
54 246
55 119
55 183
55 199
55 247
56 120
56 184
56 200
56 248
57 121
57 185
57 201
57 249
58 122
58 186
58 202
58 250
59 123
59 187
59 203
59 251
60 124
60 188
60 204
60 252
61 125
61 189
61 205
61 253
62 126
62 190
62 206
62 254
63 127
63 191
63 207
63 255
64 128
64 192
64 208
64 256
65 129
65 193
66 130
66 194
67 131
67 195
68 132
68 196
69 133
69 197
70 134
70 198
71 135
71 199
72 136
72 200
73 137
73 201
74 138
74 202
75 139
75 203
76 140
76 204
77 141
77 205
78 142
78 206
79 143
79 207
80 144
80 208
81 145
81 209
82 146
82 210
83 147
83 211
84 148
84 212
85 149
85 213
86 150
86 214
87 151
87 170
87 215
88 152
88 216
88 254
89 153
89 165
89 217
90 154
90 166
90 218
91 155
91 167
91 219
92 156
92 168
92 220
93 157
93 221
93 245
94 158
94 222
94 246
95 159
95 223
95 247
96 160
96 224
96 248
97 145
97 161
97 225
98 146
98 162
98 226
99 147
99 163
99 227
100 148
100 164
100 228
101 149
101 165
101 229
102 150
102 166
102 230
103 151
103 167
103 231
104 152
104 168
104 232
105 153
105 169
105 233
106 154
106 170
106 234
107 155
107 171
107 235
108 156
108 172
108 236
109 157
109 173
109 237
110 158
110 174
110 238
111 159
111 175
111 239
112 160
112 176
112 240
113 177
113 209
113 241
114 178
114 210
114 242
115 179
115 211
115 243
116 180
116 212
116 244
117 181
117 213
117 245
118 182
118 214
118 246
119 183
119 215
119 247
120 184
120 216
120 248
121 185
121 217
121 249
122 186
122 218
122 250
123 187
123 219
123 251
124 188
124 220
124 252
125 189
125 221
125 253
126 190
126 222
126 254
127 191
127 223
127 255
128 192
128 224
128 256
129 193
130 194
131 195
132 196
133 197
134 198
135 199
136 200
137 201
138 202
139 203
140 204
141 205
142 206
143 207
144 208
145 209
146 210
147 211
148 212
149 213
150 214
151 215
152 216
153 217
154 218
155 219
156 220
157 221
158 222
159 223
160 224
161 225
162 226
163 227
164 228
165 229
166 230
167 231
168 232
169 233
170 234
171 235
172 236
172 255
173 237
173 249
174 238
174 250
175 239
175 251
176 240
176 252
177 225
177 241
178 226
178 242
179 227
179 243
180 228
180 244
181 229
181 245
182 230
182 246
183 231
183 247
184 232
184 248
185 233
185 249
186 234
186 250
187 235
187 251
188 236
188 252
189 237
189 253
190 238
190 254
191 239
191 255
192 240
192 256
