1 50
1 99
1 148
1 197
1 246
1 295
2 51
2 57
2 100
2 149
2 198
2 247
2 296
3 52
3 101
3 113
3 150
3 199
3 248
3 297
4 53
4 102
4 151
4 169
4 200
4 249
4 298
5 54
5 103
5 152
5 201
5 225
5 250
5 299
6 55
6 104
6 153
6 202
6 251
6 281
6 300
7 56
7 105
7 154
7 203
7 252
7 301
7 337
8 50
8 57
8 106
8 155
8 204
8 253
8 302
9 51
9 58
9 107
9 156
9 205
9 254
9 303
10 52
10 59
10 108
10 157
10 206
10 255
10 304
11 53
11 60
11 109
11 158
11 207
11 256
11 305
12 54
12 61
12 110
12 159
12 208
12 257
12 306
13 55
13 62
13 111
13 160
13 209
13 258
13 307
14 56
14 63
14 112
14 161
14 210
14 259
14 308
15 64
15 99
15 113
15 162
15 211
15 260
15 309
16 65
16 100
16 114
16 163
16 212
16 261
16 310
17 66
17 101
17 115
17 164
17 213
17 262
17 311
18 67
18 102
18 116
18 165
18 214
18 263
18 312
19 68
19 103
19 117
19 166
19 215
19 264
19 313
20 69
20 104
20 118
20 167
20 216
20 265
20 314
21 70
21 105
21 119
21 168
21 217
21 266
21 315
22 71
22 120
22 148
22 169
22 218
22 267
22 316
23 72
23 121
23 149
23 170
23 219
23 268
23 317
24 73
24 122
24 150
24 171
24 220
24 269
24 318
25 74
25 123
25 151
25 172
25 221
25 270
25 319
26 75
26 124
26 152
26 173
26 222
26 271
26 320
27 76
27 125
27 153
27 174
27 223
27 272
27 321
28 77
28 126
28 154
28 175
28 224
28 273
28 322
29 78
29 127
29 176
29 197
29 225
29 274
29 323
30 79
30 128
30 177
30 198
30 226
30 275
30 324
31 80
31 129
31 178
31 199
31 227
31 276
31 325
32 81
32 130
32 179
32 200
32 228
32 277
32 326
33 82
33 131
33 180
33 201
33 229
33 278
33 327
34 83
34 132
34 181
34 202
34 230
34 279
34 328
35 84
35 133
35 182
35 203
35 231
35 280
35 329
36 85
36 134
36 183
36 232
36 246
36 281
36 330
37 86
37 135
37 184
37 233
37 247
37 282
37 331
38 87
38 136
38 185
38 234
38 248
38 283
38 332
39 88
39 137
39 186
39 235
39 249
39 284
39 333
40 89
40 138
40 187
40 236
40 250
40 285
40 334
41 90
41 139
41 188
41 237
41 251
41 286
41 335
42 91
42 140
42 189
42 238
42 252
42 287
42 336
43 92
43 141
43 190
43 239
43 288
43 295
43 337
44 93
44 142
44 191
44 240
44 289
44 296
44 338
45 94
45 143
45 192
45 241
45 290
45 297
45 339
46 95
46 144
46 193
46 242
46 291
46 298
46 340
47 96
47 145
47 194
47 243
47 292
47 299
47 341
48 97
48 146
48 195
48 244
48 293
48 300
48 342
49 98
49 147
49 196
49 245
49 294
49 301
49 343
50 99
50 148
50 197
50 246
50 295
51 100
51 149
51 198
51 247
51 296
52 101
52 150
52 199
52 248
52 297
53 102
53 151
53 200
53 249
53 298
54 103
54 152
54 201
54 250
54 299
55 104
55 153
55 202
55 251
55 300
56 105
56 154
56 203
56 252
56 301
57 106
57 155
57 204
57 253
57 302
58 107
58 156
58 205
58 254
58 303
59 108
59 114
59 157
59 206
59 255
59 304
60 109
60 158
60 170
60 207
60 256
60 305
61 110
61 159
61 208
61 226
61 257
61 306
62 111
62 160
62 209
62 258
62 282
62 307
63 112
63 161
63 210
63 259
63 308
63 338
64 106
64 113
64 162
64 211
64 260
64 309
65 107
65 114
65 163
65 212
65 261
65 310
66 108
66 115
66 164
66 213
66 262
66 311
67 109
67 116
67 165
67 214
67 263
67 312
68 110
68 117
68 166
68 215
68 264
68 313
69 111
69 118
69 167
69 216
69 265
69 314
70 112
70 119
70 168
70 217
70 266
70 315
71 120
71 155
71 169
71 218
71 267
71 316
72 121
72 156
72 170
72 219
72 268
72 317
73 122
73 157
73 171
73 220
73 269
73 318
74 123
74 158
74 172
74 221
74 270
74 319
75 124
75 159
75 173
75 222
75 271
75 320
76 125
76 160
76 174
76 223
76 272
76 321
77 126
77 161
77 175
77 224
77 273
77 322
78 127
78 176
78 204
78 225
78 274
78 323
79 128
79 177
79 205
79 226
79 275
79 324
80 129
80 178
80 206
80 227
80 276
80 325
81 130
81 179
81 207
81 228
81 277
81 326
82 131
82 180
82 208
82 229
82 278
82 327
83 132
83 181
83 209
83 230
83 279
83 328
84 133
84 182
84 210
84 231
84 280
84 329
85 134
85 183
85 232
85 253
85 281
85 330
86 135
86 184
86 233
86 254
86 282
86 331
87 136
87 185
87 234
87 255
87 283
87 332
88 137
88 186
88 235
88 256
88 284
88 333
89 138
89 187
89 236
89 257
89 285
89 334
90 139
90 188
90 237
90 258
90 286
90 335
91 140
91 189
91 238
91 259
91 287
91 336
92 141
92 190
92 239
92 288
92 302
92 337
93 142
93 191
93 240
93 289
93 303
93 338
94 143
94 192
94 241
94 290
94 304
94 339
95 144
95 193
95 242
95 291
95 305
95 340
96 145
96 194
96 243
96 292
96 306
96 341
97 146
97 195
97 244
97 293
97 307
97 342
98 147
98 196
98 245
98 294
98 308
98 343
99 148
99 197
99 246
99 295
100 149
100 198
100 247
100 296
101 150
101 199
101 248
101 297
102 151
102 200
102 249
102 298
103 152
103 201
103 250
103 299
104 153
104 202
104 251
104 300
105 154
105 203
105 252
105 301
106 155
106 204
106 253
106 302
107 156
107 205
107 254
107 303
108 157
108 206
108 255
108 304
109 158
109 207
109 256
109 305
110 159
110 208
110 257
110 306
111 160
111 209
111 258
111 307
112 161
112 210
112 259
112 308
113 162
113 211
113 260
113 309
114 163
114 212
114 261
114 310
115 164
115 213
115 262
115 311
116 165
116 171
116 214
116 263
116 312
117 166
117 215
117 227
117 264
117 313
118 167
118 216
118 265
118 283
118 314
119 168
119 217
119 266
119 315
119 339
120 162
120 169
120 218
120 267
120 316
121 163
121 170
121 219
121 268
121 317
122 164
122 171
122 220
122 269
122 318
123 165
123 172
123 221
123 270
123 319
124 166
124 173
124 222
124 271
124 320
125 167
125 174
125 223
125 272
125 321
126 168
126 175
126 224
126 273
126 322
127 176
127 211
127 225
127 274
127 323
128 177
128 212
128 226
128 275
128 324
129 178
129 213
129 227
129 276
129 325
130 179
130 214
130 228
130 277
130 326
131 180
131 215
131 229
131 278
131 327
132 181
132 216
132 230
132 279
132 328
133 182
133 217
133 231
133 280
133 329
134 183
134 232
134 260
134 281
134 330
135 184
135 233
135 261
135 282
135 331
136 185
136 234
136 262
136 283
136 332
137 186
137 235
137 263
137 284
137 333
138 187
138 236
138 264
138 285
138 334
139 188
139 237
139 265
139 286
139 335
140 189
140 238
140 266
140 287
140 336
141 190
141 239
141 288
141 309
141 337
142 191
142 240
142 289
142 310
142 338
143 192
143 241
143 290
143 311
143 339
144 193
144 242
144 291
144 312
144 340
145 194
145 243
145 292
145 313
145 341
146 195
146 244
146 293
146 314
146 342
147 196
147 245
147 294
147 315
147 343
148 197
148 246
148 295
149 198
149 247
149 296
150 199
150 248
150 297
151 200
151 249
151 298
152 201
152 250
152 299
153 202
153 251
153 300
154 203
154 252
154 301
155 204
155 253
155 302
156 205
156 254
156 303
157 206
157 255
157 304
158 207
158 256
158 305
159 208
159 257
159 306
160 209
160 258
160 307
161 210
161 259
161 308
162 211
162 260
162 309
163 212
163 261
163 310
164 213
164 262
164 311
165 214
165 263
165 312
166 215
166 264
166 313
167 216
167 265
167 314
168 217
168 266
168 315
169 218
169 267
169 316
170 219
170 268
170 317
171 220
171 269
171 318
172 221
172 270
172 319
173 222
173 228
173 271
173 320
174 223
174 272
174 284
174 321
175 224
175 273
175 322
175 340
176 218
176 225
176 274
176 323
177 219
177 226
177 275
177 324
178 220
178 227
178 276
178 325
179 221
179 228
179 277
179 326
180 222
180 229
180 278
180 327
181 223
181 230
181 279
181 328
182 224
182 231
182 280
182 329
183 232
183 267
183 281
183 330
184 233
184 268
184 282
184 331
185 234
185 269
185 283
185 332
186 235
186 270
186 284
186 333
187 236
187 271
187 285
187 334
188 237
188 272
188 286
188 335
189 238
189 273
189 287
189 336
190 239
190 288
190 316
190 337
191 240
191 289
191 317
191 338
192 241
192 290
192 318
192 339
193 242
193 291
193 319
193 340
194 243
194 292
194 320
194 341
195 244
195 293
195 321
195 342
196 245
196 294
196 322
196 343
197 246
197 295
198 247
198 296
199 248
199 297
200 249
200 298
201 250
201 299
202 251
202 300
203 252
203 301
204 253
204 302
205 254
205 303
206 255
206 304
207 256
207 305
208 257
208 306
209 258
209 307
210 259
210 308
211 260
211 309
212 261
212 310
213 262
213 311
214 263
214 312
215 264
215 313
216 265
216 314
217 266
217 315
218 267
218 316
219 268
219 317
220 269
220 318
221 270
221 319
222 271
222 320
223 272
223 321
224 273
224 322
225 274
225 323
226 275
226 324
227 276
227 325
228 277
228 326
229 278
229 327
230 279
230 285
230 328
231 280
231 329
231 341
232 274
232 281
232 330
233 275
233 282
233 331
234 276
234 283
234 332
235 277
235 284
235 333
236 278
236 285
236 334
237 279
237 286
237 335
238 280
238 287
238 336
239 288
239 323
239 337
240 289
240 324
240 338
241 290
241 325
241 339
242 291
242 326
242 340
243 292
243 327
243 341
244 293
244 328
244 342
245 294
245 329
245 343
246 295
247 296
248 297
249 298
250 299
251 300
252 301
253 302
254 303
255 304
256 305
257 306
258 307
259 308
260 309
261 310
262 311
263 312
264 313
265 314
266 315
267 316
268 317
269 318
270 319
271 320
272 321
273 322
274 323
275 324
276 325
277 326
278 327
279 328
280 329
281 330
282 331
283 332
284 333
285 334
286 335
287 336
287 342
288 330
288 337
289 331
289 338
290 332
290 339
291 333
291 340
292 334
292 341
293 335
293 342
294 336
294 343
