1 17
1 33
1 49
2 18
2 21
2 34
2 50
3 19
3 35
3 41
3 51
4 20
4 36
4 52
4 61
5 17
5 21
5 37
5 53
6 18
6 22
6 38
6 54
7 19
7 23
7 39
7 55
8 20
8 24
8 40
8 56
9 25
9 33
9 41
9 57
10 26
10 34
10 42
10 58
11 27
11 35
11 43
11 59
12 28
12 36
12 44
12 60
13 29
13 45
13 49
13 61
14 30
14 46
14 50
14 62
15 31
15 47
15 51
15 63
16 32
16 48
16 52
16 64
17 33
17 49
18 34
18 50
19 35
19 51
20 36
20 52
21 37
21 53
22 38
22 54
23 39
23 42
23 55
24 40
24 56
24 62
25 37
25 41
25 57
26 38
26 42
26 58
27 39
27 43
27 59
28 40
28 44
28 60
29 45
29 53
29 61
30 46
30 54
30 62
31 47
31 55
31 63
32 48
32 56
32 64
33 49
34 50
35 51
36 52
37 53
38 54
39 55
40 56
41 57
42 58
43 59
44 60
44 63
45 57
45 61
46 58
46 62
47 59
47 63
48 60
48 64
