1 244
1 487
2 245
2 364
2 488
3 246
3 489
3 727
4 247
4 361
4 490
5 248
5 362
5 491
6 249
6 363
6 492
7 250
7 493
7 721
8 251
8 494
8 722
9 252
9 495
9 723
10 253
10 352
10 496
11 254
11 353
11 497
12 255
12 354
12 498
13 256
13 355
13 499
14 257
14 356
14 500
15 258
15 357
15 501
16 259
16 358
16 502
17 260
17 359
17 503
18 261
18 360
18 504
19 262
19 505
19 703
20 263
20 506
20 704
21 264
21 507
21 705
22 265
22 508
22 706
23 266
23 509
23 707
24 267
24 510
24 708
25 268
25 511
25 709
26 269
26 512
26 710
27 270
27 513
27 711
28 271
28 325
28 514
29 272
29 326
29 515
30 273
30 327
30 516
31 274
31 328
31 517
32 275
32 329
32 518
33 276
33 330
33 519
34 277
34 331
34 520
35 278
35 332
35 521
36 279
36 333
36 522
37 280
37 334
37 523
38 281
38 335
38 524
39 282
39 336
39 525
40 283
40 337
40 526
41 284
41 338
41 527
42 285
42 339
42 528
43 286
43 340
43 529
44 287
44 341
44 530
45 288
45 342
45 531
46 289
46 343
46 532
47 290
47 344
47 533
48 291
48 345
48 534
49 292
49 346
49 535
50 293
50 347
50 536
51 294
51 348
51 537
52 295
52 349
52 538
53 296
53 350
53 539
54 297
54 351
54 540
55 298
55 541
55 649
56 299
56 542
56 650
57 300
57 543
57 651
58 301
58 544
58 652
59 302
59 545
59 653
60 303
60 546
60 654
61 304
61 547
61 655
62 305
62 548
62 656
63 306
63 549
63 657
64 307
64 550
64 658
65 308
65 551
65 659
66 309
66 552
66 660
67 310
67 553
67 661
68 311
68 554
68 662
69 312
69 555
69 663
70 313
70 556
70 664
71 314
71 557
71 665
72 315
72 558
72 666
73 316
73 559
73 667
74 317
74 560
74 668
75 318
75 561
75 669
76 319
76 562
76 670
77 320
77 563
77 671
78 321
78 564
78 672
79 322
79 565
79 673
80 323
80 566
80 674
81 324
81 567
81 675
82 244
82 325
82 568
83 245
83 326
83 569
84 246
84 327
84 570
85 247
85 328
85 571
86 248
86 329
86 572
87 249
87 330
87 573
88 250
88 331
88 574
89 251
89 332
89 575
90 252
90 333
90 576
91 253
91 334
91 577
92 254
92 335
92 578
93 255
93 336
93 579
94 256
94 337
94 580
95 257
95 338
95 581
96 258
96 339
96 582
97 259
97 340
97 583
98 260
98 341
98 584
99 261
99 342
99 585
100 262
100 343
100 586
101 263
101 344
101 587
102 264
102 345
102 588
103 265
103 346
103 589
104 266
104 347
104 590
105 267
105 348
105 591
106 268
106 349
106 592
107 269
107 350
107 593
108 270
108 351
108 594
109 271
109 352
109 595
110 272
110 353
110 596
111 273
111 354
111 597
112 274
112 355
112 598
113 275
113 356
113 599
114 276
114 357
114 600
115 277
115 358
115 601
116 278
116 359
116 602
117 279
117 360
117 603
118 280
118 361
118 604
119 281
119 362
119 605
120 282
120 363
120 606
121 283
121 364
121 607
122 284
122 365
122 608
123 285
123 366
123 609
124 286
124 367
124 610
125 287
125 368
125 611
126 288
126 369
126 612
127 289
127 370
127 613
128 290
128 371
128 614
129 291
129 372
129 615
130 292
130 373
130 616
131 293
131 374
131 617
132 294
132 375
132 618
133 295
133 376
133 619
134 296
134 377
134 620
135 297
135 378
135 621
136 298
136 379
136 622
137 299
137 380
137 623
138 300
138 381
138 624
139 301
139 382
139 625
140 302
140 383
140 626
141 303
141 384
141 627
142 304
142 385
142 628
143 305
143 386
143 629
144 306
144 387
144 630
145 307
145 388
145 631
146 308
146 389
146 632
147 309
147 390
147 633
148 310
148 391
148 634
149 311
149 392
149 635
150 312
150 393
150 636
151 313
151 394
151 637
152 314
152 395
152 638
153 315
153 396
153 639
154 316
154 397
154 640
155 317
155 398
155 641
156 318
156 399
156 642
157 319
157 400
157 643
158 320
158 401
158 644
159 321
159 402
159 645
160 322
160 403
160 646
161 323
161 404
161 647
162 324
162 405
162 648
163 406
163 487
163 649
164 407
164 488
164 650
165 408
165 489
165 651
166 409
166 490
166 652
167 410
167 491
167 653
168 411
168 492
168 654
169 412
169 493
169 655
170 413
170 494
170 656
171 414
171 495
171 657
172 415
172 496
172 658
173 416
173 497
173 659
174 417
174 498
174 660
175 418
175 499
175 661
176 419
176 500
176 662
177 420
177 501
177 663
178 421
178 502
178 664
179 422
179 503
179 665
180 423
180 504
180 666
181 424
181 505
181 667
182 425
182 506
182 668
183 426
183 507
183 669
184 427
184 508
184 670
185 428
185 509
185 671
186 429
186 510
186 672
187 430
187 511
187 673
188 431
188 512
188 674
189 432
189 513
189 675
190 433
190 514
190 676
191 434
191 515
191 677
192 435
192 516
192 678
193 436
193 517
193 679
194 437
194 518
194 680
195 438
195 519
195 681
196 439
196 520
196 682
197 440
197 521
197 683
198 441
198 522
198 684
199 442
199 523
199 685
200 443
200 524
200 686
201 444
201 525
201 687
202 445
202 526
202 688
203 446
203 527
203 689
204 447
204 528
204 690
205 448
205 529
205 691
206 449
206 530
206 692
207 450
207 531
207 693
208 451
208 532
208 694
209 452
209 533
209 695
210 453
210 534
210 696
211 454
211 535
211 697
212 455
212 536
212 698
213 456
213 537
213 699
214 457
214 538
214 700
215 458
215 539
215 701
216 459
216 540
216 702
217 460
217 541
217 703
218 461
218 542
218 704
219 462
219 543
219 705
220 463
220 544
220 706
221 464
221 545
221 707
222 465
222 546
222 708
223 466
223 547
223 709
224 467
224 548
224 710
225 468
225 549
225 711
226 469
226 550
226 712
227 470
227 551
227 713
228 471
228 552
228 714
229 472
229 553
229 715
230 473
230 554
230 716
231 474
231 555
231 717
232 475
232 556
232 718
233 476
233 557
233 719
234 477
234 558
234 720
235 478
235 559
235 721
236 479
236 560
236 722
237 480
237 561
237 723
238 481
238 562
238 724
239 482
239 563
239 725
240 483
240 564
240 726
241 484
241 565
241 727
242 485
242 566
242 728
243 486
243 567
243 729
244 487
245 488
246 489
247 490
248 491
249 492
250 493
251 494
252 495
253 496
254 497
255 498
256 499
257 500
258 501
259 502
260 503
261 504
262 505
263 506
264 507
265 508
266 509
267 510
268 511
269 512
270 513
271 514
272 515
273 516
274 517
275 518
276 519
277 520
278 521
279 522
280 523
281 524
282 525
283 526
284 527
285 528
286 529
287 530
288 531
289 532
290 533
291 534
292 535
293 536
294 537
295 538
296 539
297 540
298 541
299 542
300 543
301 544
302 545
303 546
304 547
305 548
306 549
307 550
308 551
309 552
310 553
311 554
312 555
313 556
314 557
315 558
316 559
317 560
318 561
319 562
320 563
321 564
322 565
323 566
324 567
325 568
326 569
327 570
328 571
329 572
330 573
331 574
332 575
333 576
334 577
335 578
336 579
337 580
338 581
339 582
340 583
341 584
342 585
343 586
344 587
345 588
346 589
347 590
348 591
349 592
350 593
351 594
352 595
353 596
354 597
355 598
356 599
357 600
358 601
359 602
360 603
361 604
362 605
363 606
364 607
365 608
366 609
366 728
367 610
367 724
368 611
368 725
369 612
369 726
370 613
370 712
371 614
371 713
372 615
372 714
373 616
373 715
374 617
374 716
375 618
375 717
376 619
376 718
377 620
377 719
378 621
378 720
379 622
379 676
380 623
380 677
381 624
381 678
382 625
382 679
383 626
383 680
384 627
384 681
385 628
385 682
386 629
386 683
387 630
387 684
388 631
388 685
389 632
389 686
390 633
390 687
391 634
391 688
392 635
392 689
393 636
393 690
394 637
394 691
395 638
395 692
396 639
396 693
397 640
397 694
398 641
398 695
399 642
399 696
400 643
400 697
401 644
401 698
402 645
402 699
403 646
403 700
404 647
404 701
405 648
405 702
406 568
406 649
407 569
407 650
408 570
408 651
409 571
409 652
410 572
410 653
411 573
411 654
412 574
412 655
413 575
413 656
414 576
414 657
415 577
415 658
416 578
416 659
417 579
417 660
418 580
418 661
419 581
419 662
420 582
420 663
421 583
421 664
422 584
422 665
423 585
423 666
424 586
424 667
425 587
425 668
426 588
426 669
427 589
427 670
428 590
428 671
429 591
429 672
430 592
430 673
431 593
431 674
432 594
432 675
433 595
433 676
434 596
434 677
435 597
435 678
436 598
436 679
437 599
437 680
438 600
438 681
439 601
439 682
440 602
440 683
441 603
441 684
442 604
442 685
443 605
443 686
444 606
444 687
445 607
445 688
446 608
446 689
447 609
447 690
448 610
448 691
449 611
449 692
450 612
450 693
451 613
451 694
452 614
452 695
453 615
453 696
454 616
454 697
455 617
455 698
456 618
456 699
457 619
457 700
458 620
458 701
459 621
459 702
460 622
460 703
461 623
461 704
462 624
462 705
463 625
463 706
464 626
464 707
465 627
465 708
466 628
466 709
467 629
467 710
468 630
468 711
469 631
469 712
470 632
470 713
471 633
471 714
472 634
472 715
473 635
473 716
474 636
474 717
475 637
475 718
476 638
476 719
477 639
477 720
478 640
478 721
479 641
479 722
480 642
480 723
481 643
481 724
482 644
482 725
483 645
483 726
484 646
484 727
485 647
485 728
486 648
486 729
