1 8
1 15
1 22
1 29
1 36
1 43
2 8
2 9
2 16
2 23
2 30
2 37
2 44
3 10
3 15
3 17
3 24
3 31
3 38
3 45
4 11
4 18
4 22
4 25
4 32
4 39
4 46
5 12
5 19
5 26
5 29
5 33
5 40
5 47
6 13
6 20
6 27
6 34
6 36
6 41
6 48
7 14
7 21
7 28
7 35
7 42
7 43
7 49
8 15
8 22
8 29
8 36
8 43
9 16
9 23
9 30
9 37
9 44
10 16
10 17
10 24
10 31
10 38
10 45
11 18
11 23
11 25
11 32
11 39
11 46
12 19
12 26
12 30
12 33
12 40
12 47
13 20
13 27
13 34
13 37
13 41
13 48
14 21
14 28
14 35
14 42
14 44
14 49
15 22
15 29
15 36
15 43
16 23
16 30
16 37
16 44
17 24
17 31
17 38
17 45
18 24
18 25
18 32
18 39
18 46
19 26
19 31
19 33
19 40
19 47
20 27
20 34
20 38
20 41
20 48
21 28
21 35
21 42
21 45
21 49
22 29
22 36
22 43
23 30
23 37
23 44
24 31
24 38
24 45
25 32
25 39
25 46
26 32
26 33
26 40
26 47
27 34
27 39
27 41
27 48
28 35
28 42
28 46
28 49
29 36
29 43
30 37
30 44
31 38
31 45
32 39
32 46
33 40
33 47
34 40
34 41
34 48
35 42
35 47
35 49
36 43
37 44
38 45
39 46
40 47
41 48
42 48
42 49
