1 126
1 251
1 376
1 501
2 127
2 156
2 252
2 377
2 502
3 128
3 253
3 311
3 378
3 503
4 129
4 254
4 379
4 466
4 504
5 130
5 255
5 380
5 505
5 621
6 131
6 151
6 256
6 381
6 506
7 132
7 152
7 257
7 382
7 507
8 133
8 153
8 258
8 383
8 508
9 134
9 154
9 259
9 384
9 509
10 135
10 155
10 260
10 385
10 510
11 136
11 261
11 301
11 386
11 511
12 137
12 262
12 302
12 387
12 512
13 138
13 263
13 303
13 388
13 513
14 139
14 264
14 304
14 389
14 514
15 140
15 265
15 305
15 390
15 515
16 141
16 266
16 391
16 451
16 516
17 142
17 267
17 392
17 452
17 517
18 143
18 268
18 393
18 453
18 518
19 144
19 269
19 394
19 454
19 519
20 145
20 270
20 395
20 455
20 520
21 146
21 271
21 396
21 521
21 601
22 147
22 272
22 397
22 522
22 602
23 148
23 273
23 398
23 523
23 603
24 149
24 274
24 399
24 524
24 604
25 150
25 275
25 400
25 525
25 605
26 126
26 151
26 276
26 401
26 526
27 127
27 152
27 277
27 402
27 527
28 128
28 153
28 278
28 403
28 528
29 129
29 154
29 279
29 404
29 529
30 130
30 155
30 280
30 405
30 530
31 131
31 156
31 281
31 406
31 531
32 132
32 157
32 282
32 407
32 532
33 133
33 158
33 283
33 408
33 533
34 134
34 159
34 284
34 409
34 534
35 135
35 160
35 285
35 410
35 535
36 136
36 161
36 286
36 411
36 536
37 137
37 162
37 287
37 412
37 537
38 138
38 163
38 288
38 413
38 538
39 139
39 164
39 289
39 414
39 539
40 140
40 165
40 290
40 415
40 540
41 141
41 166
41 291
41 416
41 541
42 142
42 167
42 292
42 417
42 542
43 143
43 168
43 293
43 418
43 543
44 144
44 169
44 294
44 419
44 544
45 145
45 170
45 295
45 420
45 545
46 146
46 171
46 296
46 421
46 546
47 147
47 172
47 297
47 422
47 547
48 148
48 173
48 298
48 423
48 548
49 149
49 174
49 299
49 424
49 549
50 150
50 175
50 300
50 425
50 550
51 176
51 251
51 301
51 426
51 551
52 177
52 252
52 302
52 427
52 552
53 178
53 253
53 303
53 428
53 553
54 179
54 254
54 304
54 429
54 554
55 180
55 255
55 305
55 430
55 555
56 181
56 256
56 306
56 431
56 556
57 182
57 257
57 307
57 432
57 557
58 183
58 258
58 308
58 433
58 558
59 184
59 259
59 309
59 434
59 559
60 185
60 260
60 310
60 435
60 560
61 186
61 261
61 311
61 436
61 561
62 187
62 262
62 312
62 437
62 562
63 188
63 263
63 313
63 438
63 563
64 189
64 264
64 314
64 439
64 564
65 190
65 265
65 315
65 440
65 565
66 191
66 266
66 316
66 441
66 566
67 192
67 267
67 317
67 442
67 567
68 193
68 268
68 318
68 443
68 568
69 194
69 269
69 319
69 444
69 569
70 195
70 270
70 320
70 445
70 570
71 196
71 271
71 321
71 446
71 571
72 197
72 272
72 322
72 447
72 572
73 198
73 273
73 323
73 448
73 573
74 199
74 274
74 324
74 449
74 574
75 200
75 275
75 325
75 450
75 575
76 201
76 326
76 376
76 451
76 576
77 202
77 327
77 377
77 452
77 577
78 203
78 328
78 378
78 453
78 578
79 204
79 329
79 379
79 454
79 579
80 205
80 330
80 380
80 455
80 580
81 206
81 331
81 381
81 456
81 581
82 207
82 332
82 382
82 457
82 582
83 208
83 333
83 383
83 458
83 583
84 209
84 334
84 384
84 459
84 584
85 210
85 335
85 385
85 460
85 585
86 211
86 336
86 386
86 461
86 586
87 212
87 337
87 387
87 462
87 587
88 213
88 338
88 388
88 463
88 588
89 214
89 339
89 389
89 464
89 589
90 215
90 340
90 390
90 465
90 590
91 216
91 341
91 391
91 466
91 591
92 217
92 342
92 392
92 467
92 592
93 218
93 343
93 393
93 468
93 593
94 219
94 344
94 394
94 469
94 594
95 220
95 345
95 395
95 470
95 595
96 221
96 346
96 396
96 471
96 596
97 222
97 347
97 397
97 472
97 597
98 223
98 348
98 398
98 473
98 598
99 224
99 349
99 399
99 474
99 599
100 225
100 350
100 400
100 475
100 600
101 226
101 351
101 476
101 501
101 601
102 227
102 352
102 477
102 502
102 602
103 228
103 353
103 478
103 503
103 603
104 229
104 354
104 479
104 504
104 604
105 230
105 355
105 480
105 505
105 605
106 231
106 356
106 481
106 506
106 606
107 232
107 357
107 482
107 507
107 607
108 233
108 358
108 483
108 508
108 608
109 234
109 359
109 484
109 509
109 609
110 235
110 360
110 485
110 510
110 610
111 236
111 361
111 486
111 511
111 611
112 237
112 362
112 487
112 512
112 612
113 238
113 363
113 488
113 513
113 613
114 239
114 364
114 489
114 514
114 614
115 240
115 365
115 490
115 515
115 615
116 241
116 366
116 491
116 516
116 616
117 242
117 367
117 492
117 517
117 617
118 243
118 368
118 493
118 518
118 618
119 244
119 369
119 494
119 519
119 619
120 245
120 370
120 495
120 520
120 620
121 246
121 371
121 496
121 521
121 621
122 247
122 372
122 497
122 522
122 622
123 248
123 373
123 498
123 523
123 623
124 249
124 374
124 499
124 524
124 624
125 250
125 375
125 500
125 525
125 625
126 251
126 376
126 501
127 252
127 377
127 502
128 253
128 378
128 503
129 254
129 379
129 504
130 255
130 380
130 505
131 256
131 381
131 506
132 257
132 382
132 507
133 258
133 383
133 508
134 259
134 384
134 509
135 260
135 385
135 510
136 261
136 386
136 511
137 262
137 387
137 512
138 263
138 388
138 513
139 264
139 389
139 514
140 265
140 390
140 515
141 266
141 391
141 516
142 267
142 392
142 517
143 268
143 393
143 518
144 269
144 394
144 519
145 270
145 395
145 520
146 271
146 396
146 521
147 272
147 397
147 522
148 273
148 398
148 523
149 274
149 399
149 524
150 275
150 400
150 525
151 276
151 401
151 526
152 277
152 402
152 527
153 278
153 403
153 528
154 279
154 404
154 529
155 280
155 405
155 530
156 281
156 406
156 531
157 282
157 407
157 532
158 283
158 312
158 408
158 533
159 284
159 409
159 467
159 534
160 285
160 410
160 535
160 622
161 286
161 306
161 411
161 536
162 287
162 307
162 412
162 537
163 288
163 308
163 413
163 538
164 289
164 309
164 414
164 539
165 290
165 310
165 415
165 540
166 291
166 416
166 456
166 541
167 292
167 417
167 457
167 542
168 293
168 418
168 458
168 543
169 294
169 419
169 459
169 544
170 295
170 420
170 460
170 545
171 296
171 421
171 546
171 606
172 297
172 422
172 547
172 607
173 298
173 423
173 548
173 608
174 299
174 424
174 549
174 609
175 300
175 425
175 550
175 610
176 276
176 301
176 426
176 551
177 277
177 302
177 427
177 552
178 278
178 303
178 428
178 553
179 279
179 304
179 429
179 554
180 280
180 305
180 430
180 555
181 281
181 306
181 431
181 556
182 282
182 307
182 432
182 557
183 283
183 308
183 433
183 558
184 284
184 309
184 434
184 559
185 285
185 310
185 435
185 560
186 286
186 311
186 436
186 561
187 287
187 312
187 437
187 562
188 288
188 313
188 438
188 563
189 289
189 314
189 439
189 564
190 290
190 315
190 440
190 565
191 291
191 316
191 441
191 566
192 292
192 317
192 442
192 567
193 293
193 318
193 443
193 568
194 294
194 319
194 444
194 569
195 295
195 320
195 445
195 570
196 296
196 321
196 446
196 571
197 297
197 322
197 447
197 572
198 298
198 323
198 448
198 573
199 299
199 324
199 449
199 574
200 300
200 325
200 450
200 575
201 326
201 401
201 451
201 576
202 327
202 402
202 452
202 577
203 328
203 403
203 453
203 578
204 329
204 404
204 454
204 579
205 330
205 405
205 455
205 580
206 331
206 406
206 456
206 581
207 332
207 407
207 457
207 582
208 333
208 408
208 458
208 583
209 334
209 409
209 459
209 584
210 335
210 410
210 460
210 585
211 336
211 411
211 461
211 586
212 337
212 412
212 462
212 587
213 338
213 413
213 463
213 588
214 339
214 414
214 464
214 589
215 340
215 415
215 465
215 590
216 341
216 416
216 466
216 591
217 342
217 417
217 467
217 592
218 343
218 418
218 468
218 593
219 344
219 419
219 469
219 594
220 345
220 420
220 470
220 595
221 346
221 421
221 471
221 596
222 347
222 422
222 472
222 597
223 348
223 423
223 473
223 598
224 349
224 424
224 474
224 599
225 350
225 425
225 475
225 600
226 351
226 476
226 526
226 601
227 352
227 477
227 527
227 602
228 353
228 478
228 528
228 603
229 354
229 479
229 529
229 604
230 355
230 480
230 530
230 605
231 356
231 481
231 531
231 606
232 357
232 482
232 532
232 607
233 358
233 483
233 533
233 608
234 359
234 484
234 534
234 609
235 360
235 485
235 535
235 610
236 361
236 486
236 536
236 611
237 362
237 487
237 537
237 612
238 363
238 488
238 538
238 613
239 364
239 489
239 539
239 614
240 365
240 490
240 540
240 615
241 366
241 491
241 541
241 616
242 367
242 492
242 542
242 617
243 368
243 493
243 543
243 618
244 369
244 494
244 544
244 619
245 370
245 495
245 545
245 620
246 371
246 496
246 546
246 621
247 372
247 497
247 547
247 622
248 373
248 498
248 548
248 623
249 374
249 499
249 549
249 624
250 375
250 500
250 550
250 625
251 376
251 501
252 377
252 502
253 378
253 503
254 379
254 504
255 380
255 505
256 381
256 506
257 382
257 507
258 383
258 508
259 384
259 509
260 385
260 510
261 386
261 511
262 387
262 512
263 388
263 513
264 389
264 514
265 390
265 515
266 391
266 516
267 392
267 517
268 393
268 518
269 394
269 519
270 395
270 520
271 396
271 521
272 397
272 522
273 398
273 523
274 399
274 524
275 400
275 525
276 401
276 526
277 402
277 527
278 403
278 528
279 404
279 529
280 405
280 530
281 406
281 531
282 407
282 532
283 408
283 533
284 409
284 534
285 410
285 535
286 411
286 536
287 412
287 537
288 413
288 538
289 414
289 539
290 415
290 540
291 416
291 541
292 417
292 542
293 418
293 543
294 419
294 544
295 420
295 545
296 421
296 546
297 422
297 547
298 423
298 548
299 424
299 549
300 425
300 550
301 426
301 551
302 427
302 552
303 428
303 553
304 429
304 554
305 430
305 555
306 431
306 556
307 432
307 557
308 433
308 558
309 434
309 559
310 435
310 560
311 436
311 561
312 437
312 562
313 438
313 563
314 439
314 468
314 564
315 440
315 565
315 623
316 441
316 461
316 566
317 442
317 462
317 567
318 443
318 463
318 568
319 444
319 464
319 569
320 445
320 465
320 570
321 446
321 571
321 611
322 447
322 572
322 612
323 448
323 573
323 613
324 449
324 574
324 614
325 450
325 575
325 615
326 426
326 451
326 576
327 427
327 452
327 577
328 428
328 453
328 578
329 429
329 454
329 579
330 430
330 455
330 580
331 431
331 456
331 581
332 432
332 457
332 582
333 433
333 458
333 583
334 434
334 459
334 584
335 435
335 460
335 585
336 436
336 461
336 586
337 437
337 462
337 587
338 438
338 463
338 588
339 439
339 464
339 589
340 440
340 465
340 590
341 441
341 466
341 591
342 442
342 467
342 592
343 443
343 468
343 593
344 444
344 469
344 594
345 445
345 470
345 595
346 446
346 471
346 596
347 447
347 472
347 597
348 448
348 473
348 598
349 449
349 474
349 599
350 450
350 475
350 600
351 476
351 551
351 601
352 477
352 552
352 602
353 478
353 553
353 603
354 479
354 554
354 604
355 480
355 555
355 605
356 481
356 556
356 606
357 482
357 557
357 607
358 483
358 558
358 608
359 484
359 559
359 609
360 485
360 560
360 610
361 486
361 561
361 611
362 487
362 562
362 612
363 488
363 563
363 613
364 489
364 564
364 614
365 490
365 565
365 615
366 491
366 566
366 616
367 492
367 567
367 617
368 493
368 568
368 618
369 494
369 569
369 619
370 495
370 570
370 620
371 496
371 571
371 621
372 497
372 572
372 622
373 498
373 573
373 623
374 499
374 574
374 624
375 500
375 575
375 625
376 501
377 502
378 503
379 504
380 505
381 506
382 507
383 508
384 509
385 510
386 511
387 512
388 513
389 514
390 515
391 516
392 517
393 518
394 519
395 520
396 521
397 522
398 523
399 524
400 525
401 526
402 527
403 528
404 529
405 530
406 531
407 532
408 533
409 534
410 535
411 536
412 537
413 538
414 539
415 540
416 541
417 542
418 543
419 544
420 545
421 546
422 547
423 548
424 549
425 550
426 551
427 552
428 553
429 554
430 555
431 556
432 557
433 558
434 559
435 560
436 561
437 562
438 563
439 564
440 565
441 566
442 567
443 568
444 569
445 570
446 571
447 572
448 573
449 574
450 575
451 576
452 577
453 578
454 579
455 580
456 581
457 582
458 583
459 584
460 585
461 586
462 587
463 588
464 589
465 590
466 591
467 592
468 593
469 594
470 595
470 624
471 596
471 616
472 597
472 617
473 598
473 618
474 599
474 619
475 600
475 620
476 576
476 601
477 577
477 602
478 578
478 603
479 579
479 604
480 580
480 605
481 581
481 606
482 582
482 607
483 583
483 608
484 584
484 609
485 585
485 610
486 586
486 611
487 587
487 612
488 588
488 613
489 589
489 614
490 590
490 615
491 591
491 616
492 592
492 617
493 593
493 618
494 594
494 619
495 595
495 620
496 596
496 621
497 597
497 622
498 598
498 623
499 599
499 624
500 600
500 625
