1 9
1 17
1 25
1 33
1 41
1 49
1 57
2 9
2 10
2 18
2 26
2 34
2 42
2 50
2 58
3 11
3 17
3 19
3 27
3 35
3 43
3 51
3 59
4 12
4 20
4 25
4 28
4 36
4 44
4 52
4 60
5 13
5 21
5 29
5 33
5 37
5 45
5 53
5 61
6 14
6 22
6 30
6 38
6 41
6 46
6 54
6 62
7 15
7 23
7 31
7 39
7 47
7 49
7 55
7 63
8 16
8 24
8 32
8 40
8 48
8 56
8 57
8 64
9 17
9 25
9 33
9 41
9 49
9 57
10 18
10 26
10 34
10 42
10 50
10 58
11 18
11 19
11 27
11 35
11 43
11 51
11 59
12 20
12 26
12 28
12 36
12 44
12 52
12 60
13 21
13 29
13 34
13 37
13 45
13 53
13 61
14 22
14 30
14 38
14 42
14 46
14 54
14 62
15 23
15 31
15 39
15 47
15 50
15 55
15 63
16 24
16 32
16 40
16 48
16 56
16 58
16 64
17 25
17 33
17 41
17 49
17 57
18 26
18 34
18 42
18 50
18 58
19 27
19 35
19 43
19 51
19 59
20 27
20 28
20 36
20 44
20 52
20 60
21 29
21 35
21 37
21 45
21 53
21 61
22 30
22 38
22 43
22 46
22 54
22 62
23 31
23 39
23 47
23 51
23 55
23 63
24 32
24 40
24 48
24 56
24 59
24 64
25 33
25 41
25 49
25 57
26 34
26 42
26 50
26 58
27 35
27 43
27 51
27 59
28 36
28 44
28 52
28 60
29 36
29 37
29 45
29 53
29 61
30 38
30 44
30 46
30 54
30 62
31 39
31 47
31 52
31 55
31 63
32 40
32 48
32 56
32 60
32 64
33 41
33 49
33 57
34 42
34 50
34 58
35 43
35 51
35 59
36 44
36 52
36 60
37 45
37 53
37 61
38 45
38 46
38 54
38 62
39 47
39 53
39 55
39 63
40 48
40 56
40 61
40 64
41 49
41 57
42 50
42 58
43 51
43 59
44 52
44 60
45 53
45 61
46 54
46 62
47 54
47 55
47 63
48 56
48 62
48 64
49 57
50 58
51 59
52 60
53 61
54 62
55 63
56 63
56 64
