1 28
1 55
2 29
2 40
2 56
3 30
3 57
3 79
4 31
4 37
4 58
5 32
5 38
5 59
6 33
6 39
6 60
7 34
7 61
7 73
8 35
8 62
8 74
9 36
9 63
9 75
10 28
10 37
10 64
11 29
11 38
11 65
12 30
12 39
12 66
13 31
13 40
13 67
14 32
14 41
14 68
15 33
15 42
15 69
16 34
16 43
16 70
17 35
17 44
17 71
18 36
18 45
18 72
19 46
19 55
19 73
20 47
20 56
20 74
21 48
21 57
21 75
22 49
22 58
22 76
23 50
23 59
23 77
24 51
24 60
24 78
25 52
25 61
25 79
26 53
26 62
26 80
27 54
27 63
27 81
28 55
29 56
30 57
31 58
32 59
33 60
34 61
35 62
36 63
37 64
38 65
39 66
40 67
41 68
42 69
42 80
43 70
43 76
44 71
44 77
45 72
45 78
46 64
46 73
47 65
47 74
48 66
48 75
49 67
49 76
50 68
50 77
51 69
51 78
52 70
52 79
53 71
53 80
54 72
54 81
