1 65
1 129
1 193
1 257
1 321
1 385
1 449
2 66
2 73
2 130
2 194
2 258
2 322
2 386
2 450
3 67
3 131
3 145
3 195
3 259
3 323
3 387
3 451
4 68
4 132
4 196
4 217
4 260
4 324
4 388
4 452
5 69
5 133
5 197
5 261
5 289
5 325
5 389
5 453
6 70
6 134
6 198
6 262
6 326
6 361
6 390
6 454
7 71
7 135
7 199
7 263
7 327
7 391
7 433
7 455
8 72
8 136
8 200
8 264
8 328
8 392
8 456
8 505
9 65
9 73
9 137
9 201
9 265
9 329
9 393
9 457
10 66
10 74
10 138
10 202
10 266
10 330
10 394
10 458
11 67
11 75
11 139
11 203
11 267
11 331
11 395
11 459
12 68
12 76
12 140
12 204
12 268
12 332
12 396
12 460
13 69
13 77
13 141
13 205
13 269
13 333
13 397
13 461
14 70
14 78
14 142
14 206
14 270
14 334
14 398
14 462
15 71
15 79
15 143
15 207
15 271
15 335
15 399
15 463
16 72
16 80
16 144
16 208
16 272
16 336
16 400
16 464
17 81
17 129
17 145
17 209
17 273
17 337
17 401
17 465
18 82
18 130
18 146
18 210
18 274
18 338
18 402
18 466
19 83
19 131
19 147
19 211
19 275
19 339
19 403
19 467
20 84
20 132
20 148
20 212
20 276
20 340
20 404
20 468
21 85
21 133
21 149
21 213
21 277
21 341
21 405
21 469
22 86
22 134
22 150
22 214
22 278
22 342
22 406
22 470
23 87
23 135
23 151
23 215
23 279
23 343
23 407
23 471
24 88
24 136
24 152
24 216
24 280
24 344
24 408
24 472
25 89
25 153
25 193
25 217
25 281
25 345
25 409
25 473
26 90
26 154
26 194
26 218
26 282
26 346
26 410
26 474
27 91
27 155
27 195
27 219
27 283
27 347
27 411
27 475
28 92
28 156
28 196
28 220
28 284
28 348
28 412
28 476
29 93
29 157
29 197
29 221
29 285
29 349
29 413
29 477
30 94
30 158
30 198
30 222
30 286
30 350
30 414
30 478
31 95
31 159
31 199
31 223
31 287
31 351
31 415
31 479
32 96
32 160
32 200
32 224
32 288
32 352
32 416
32 480
33 97
33 161
33 225
33 257
33 289
33 353
33 417
33 481
34 98
34 162
34 226
34 258
34 290
34 354
34 418
34 482
35 99
35 163
35 227
35 259
35 291
35 355
35 419
35 483
36 100
36 164
36 228
36 260
36 292
36 356
36 420
36 484
37 101
37 165
37 229
37 261
37 293
37 357
37 421
37 485
38 102
38 166
38 230
38 262
38 294
38 358
38 422
38 486
39 103
39 167
39 231
39 263
39 295
39 359
39 423
39 487
40 104
40 168
40 232
40 264
40 296
40 360
40 424
40 488
41 105
41 169
41 233
41 297
41 321
41 361
41 425
41 489
42 106
42 170
42 234
42 298
42 322
42 362
42 426
42 490
43 107
43 171
43 235
43 299
43 323
43 363
43 427
43 491
44 108
44 172
44 236
44 300
44 324
44 364
44 428
44 492
45 109
45 173
45 237
45 301
45 325
45 365
45 429
45 493
46 110
46 174
46 238
46 302
46 326
46 366
46 430
46 494
47 111
47 175
47 239
47 303
47 327
47 367
47 431
47 495
48 112
48 176
48 240
48 304
48 328
48 368
48 432
48 496
49 113
49 177
49 241
49 305
49 369
49 385
49 433
49 497
50 114
50 178
50 242
50 306
50 370
50 386
50 434
50 498
51 115
51 179
51 243
51 307
51 371
51 387
51 435
51 499
52 116
52 180
52 244
52 308
52 372
52 388
52 436
52 500
53 117
53 181
53 245
53 309
53 373
53 389
53 437
53 501
54 118
54 182
54 246
54 310
54 374
54 390
54 438
54 502
55 119
55 183
55 247
55 311
55 375
55 391
55 439
55 503
56 120
56 184
56 248
56 312
56 376
56 392
56 440
56 504
57 121
57 185
57 249
57 313
57 377
57 441
57 449
57 505
58 122
58 186
58 250
58 314
58 378
58 442
58 450
58 506
59 123
59 187
59 251
59 315
59 379
59 443
59 451
59 507
60 124
60 188
60 252
60 316
60 380
60 444
60 452
60 508
61 125
61 189
61 253
61 317
61 381
61 445
61 453
61 509
62 126
62 190
62 254
62 318
62 382
62 446
62 454
62 510
63 127
63 191
63 255
63 319
63 383
63 447
63 455
63 511
64 128
64 192
64 256
64 320
64 384
64 448
64 456
64 512
65 129
65 193
65 257
65 321
65 385
65 449
66 130
66 194
66 258
66 322
66 386
66 450
67 131
67 195
67 259
67 323
67 387
67 451
68 132
68 196
68 260
68 324
68 388
68 452
69 133
69 197
69 261
69 325
69 389
69 453
70 134
70 198
70 262
70 326
70 390
70 454
71 135
71 199
71 263
71 327
71 391
71 455
72 136
72 200
72 264
72 328
72 392
72 456
73 137
73 201
73 265
73 329
73 393
73 457
74 138
74 202
74 266
74 330
74 394
74 458
75 139
75 146
75 203
75 267
75 331
75 395
75 459
76 140
76 204
76 218
76 268
76 332
76 396
76 460
77 141
77 205
77 269
77 290
77 333
77 397
77 461
78 142
78 206
78 270
78 334
78 362
78 398
78 462
79 143
79 207
79 271
79 335
79 399
79 434
79 463
80 144
80 208
80 272
80 336
80 400
80 464
80 506
81 137
81 145
81 209
81 273
81 337
81 401
81 465
82 138
82 146
82 210
82 274
82 338
82 402
82 466
83 139
83 147
83 211
83 275
83 339
83 403
83 467
84 140
84 148
84 212
84 276
84 340
84 404
84 468
85 141
85 149
85 213
85 277
85 341
85 405
85 469
86 142
86 150
86 214
86 278
86 342
86 406
86 470
87 143
87 151
87 215
87 279
87 343
87 407
87 471
88 144
88 152
88 216
88 280
88 344
88 408
88 472
89 153
89 201
89 217
89 281
89 345
89 409
89 473
90 154
90 202
90 218
90 282
90 346
90 410
90 474
91 155
91 203
91 219
91 283
91 347
91 411
91 475
92 156
92 204
92 220
92 284
92 348
92 412
92 476
93 157
93 205
93 221
93 285
93 349
93 413
93 477
94 158
94 206
94 222
94 286
94 350
94 414
94 478
95 159
95 207
95 223
95 287
95 351
95 415
95 479
96 160
96 208
96 224
96 288
96 352
96 416
96 480
97 161
97 225
97 265
97 289
97 353
97 417
97 481
98 162
98 226
98 266
98 290
98 354
98 418
98 482
99 163
99 227
99 267
99 291
99 355
99 419
99 483
100 164
100 228
100 268
100 292
100 356
100 420
100 484
101 165
101 229
101 269
101 293
101 357
101 421
101 485
102 166
102 230
102 270
102 294
102 358
102 422
102 486
103 167
103 231
103 271
103 295
103 359
103 423
103 487
104 168
104 232
104 272
104 296
104 360
104 424
104 488
105 169
105 233
105 297
105 329
105 361
105 425
105 489
106 170
106 234
106 298
106 330
106 362
106 426
106 490
107 171
107 235
107 299
107 331
107 363
107 427
107 491
108 172
108 236
108 300
108 332
108 364
108 428
108 492
109 173
109 237
109 301
109 333
109 365
109 429
109 493
110 174
110 238
110 302
110 334
110 366
110 430
110 494
111 175
111 239
111 303
111 335
111 367
111 431
111 495
112 176
112 240
112 304
112 336
112 368
112 432
112 496
113 177
113 241
113 305
113 369
113 393
113 433
113 497
114 178
114 242
114 306
114 370
114 394
114 434
114 498
115 179
115 243
115 307
115 371
115 395
115 435
115 499
116 180
116 244
116 308
116 372
116 396
116 436
116 500
117 181
117 245
117 309
117 373
117 397
117 437
117 501
118 182
118 246
118 310
118 374
118 398
118 438
118 502
119 183
119 247
119 311
119 375
119 399
119 439
119 503
120 184
120 248
120 312
120 376
120 400
120 440
120 504
121 185
121 249
121 313
121 377
121 441
121 457
121 505
122 186
122 250
122 314
122 378
122 442
122 458
122 506
123 187
123 251
123 315
123 379
123 443
123 459
123 507
124 188
124 252
124 316
124 380
124 444
124 460
124 508
125 189
125 253
125 317
125 381
125 445
125 461
125 509
126 190
126 254
126 318
126 382
126 446
126 462
126 510
127 191
127 255
127 319
127 383
127 447
127 463
127 511
128 192
128 256
128 320
128 384
128 448
128 464
128 512
129 193
129 257
129 321
129 385
129 449
130 194
130 258
130 322
130 386
130 450
131 195
131 259
131 323
131 387
131 451
132 196
132 260
132 324
132 388
132 452
133 197
133 261
133 325
133 389
133 453
134 198
134 262
134 326
134 390
134 454
135 199
135 263
135 327
135 391
135 455
136 200
136 264
136 328
136 392
136 456
137 201
137 265
137 329
137 393
137 457
138 202
138 266
138 330
138 394
138 458
139 203
139 267
139 331
139 395
139 459
140 204
140 268
140 332
140 396
140 460
141 205
141 269
141 333
141 397
141 461
142 206
142 270
142 334
142 398
142 462
143 207
143 271
143 335
143 399
143 463
144 208
144 272
144 336
144 400
144 464
145 209
145 273
145 337
145 401
145 465
146 210
146 274
146 338
146 402
146 466
147 211
147 275
147 339
147 403
147 467
148 212
148 219
148 276
148 340
148 404
148 468
149 213
149 277
149 291
149 341
149 405
149 469
150 214
150 278
150 342
150 363
150 406
150 470
151 215
151 279
151 343
151 407
151 435
151 471
152 216
152 280
152 344
152 408
152 472
152 507
153 209
153 217
153 281
153 345
153 409
153 473
154 210
154 218
154 282
154 346
154 410
154 474
155 211
155 219
155 283
155 347
155 411
155 475
156 212
156 220
156 284
156 348
156 412
156 476
157 213
157 221
157 285
157 349
157 413
157 477
158 214
158 222
158 286
158 350
158 414
158 478
159 215
159 223
159 287
159 351
159 415
159 479
160 216
160 224
160 288
160 352
160 416
160 480
161 225
161 273
161 289
161 353
161 417
161 481
162 226
162 274
162 290
162 354
162 418
162 482
163 227
163 275
163 291
163 355
163 419
163 483
164 228
164 276
164 292
164 356
164 420
164 484
165 229
165 277
165 293
165 357
165 421
165 485
166 230
166 278
166 294
166 358
166 422
166 486
167 231
167 279
167 295
167 359
167 423
167 487
168 232
168 280
168 296
168 360
168 424
168 488
169 233
169 297
169 337
169 361
169 425
169 489
170 234
170 298
170 338
170 362
170 426
170 490
171 235
171 299
171 339
171 363
171 427
171 491
172 236
172 300
172 340
172 364
172 428
172 492
173 237
173 301
173 341
173 365
173 429
173 493
174 238
174 302
174 342
174 366
174 430
174 494
175 239
175 303
175 343
175 367
175 431
175 495
176 240
176 304
176 344
176 368
176 432
176 496
177 241
177 305
177 369
177 401
177 433
177 497
178 242
178 306
178 370
178 402
178 434
178 498
179 243
179 307
179 371
179 403
179 435
179 499
180 244
180 308
180 372
180 404
180 436
180 500
181 245
181 309
181 373
181 405
181 437
181 501
182 246
182 310
182 374
182 406
182 438
182 502
183 247
183 311
183 375
183 407
183 439
183 503
184 248
184 312
184 376
184 408
184 440
184 504
185 249
185 313
185 377
185 441
185 465
185 505
186 250
186 314
186 378
186 442
186 466
186 506
187 251
187 315
187 379
187 443
187 467
187 507
188 252
188 316
188 380
188 444
188 468
188 508
189 253
189 317
189 381
189 445
189 469
189 509
190 254
190 318
190 382
190 446
190 470
190 510
191 255
191 319
191 383
191 447
191 471
191 511
192 256
192 320
192 384
192 448
192 472
192 512
193 257
193 321
193 385
193 449
194 258
194 322
194 386
194 450
195 259
195 323
195 387
195 451
196 260
196 324
196 388
196 452
197 261
197 325
197 389
197 453
198 262
198 326
198 390
198 454
199 263
199 327
199 391
199 455
200 264
200 328
200 392
200 456
201 265
201 329
201 393
201 457
202 266
202 330
202 394
202 458
203 267
203 331
203 395
203 459
204 268
204 332
204 396
204 460
205 269
205 333
205 397
205 461
206 270
206 334
206 398
206 462
207 271
207 335
207 399
207 463
208 272
208 336
208 400
208 464
209 273
209 337
209 401
209 465
210 274
210 338
210 402
210 466
211 275
211 339
211 403
211 467
212 276
212 340
212 404
212 468
213 277
213 341
213 405
213 469
214 278
214 342
214 406
214 470
215 279
215 343
215 407
215 471
216 280
216 344
216 408
216 472
217 281
217 345
217 409
217 473
218 282
218 346
218 410
218 474
219 283
219 347
219 411
219 475
220 284
220 348
220 412
220 476
221 285
221 292
221 349
221 413
221 477
222 286
222 350
222 364
222 414
222 478
223 287
223 351
223 415
223 436
223 479
224 288
224 352
224 416
224 480
224 508
225 281
225 289
225 353
225 417
225 481
226 282
226 290
226 354
226 418
226 482
227 283
227 291
227 355
227 419
227 483
228 284
228 292
228 356
228 420
228 484
229 285
229 293
229 357
229 421
229 485
230 286
230 294
230 358
230 422
230 486
231 287
231 295
231 359
231 423
231 487
232 288
232 296
232 360
232 424
232 488
233 297
233 345
233 361
233 425
233 489
234 298
234 346
234 362
234 426
234 490
235 299
235 347
235 363
235 427
235 491
236 300
236 348
236 364
236 428
236 492
237 301
237 349
237 365
237 429
237 493
238 302
238 350
238 366
238 430
238 494
239 303
239 351
239 367
239 431
239 495
240 304
240 352
240 368
240 432
240 496
241 305
241 369
241 409
241 433
241 497
242 306
242 370
242 410
242 434
242 498
243 307
243 371
243 411
243 435
243 499
244 308
244 372
244 412
244 436
244 500
245 309
245 373
245 413
245 437
245 501
246 310
246 374
246 414
246 438
246 502
247 311
247 375
247 415
247 439
247 503
248 312
248 376
248 416
248 440
248 504
249 313
249 377
249 441
249 473
249 505
250 314
250 378
250 442
250 474
250 506
251 315
251 379
251 443
251 475
251 507
252 316
252 380
252 444
252 476
252 508
253 317
253 381
253 445
253 477
253 509
254 318
254 382
254 446
254 478
254 510
255 319
255 383
255 447
255 479
255 511
256 320
256 384
256 448
256 480
256 512
257 321
257 385
257 449
258 322
258 386
258 450
259 323
259 387
259 451
260 324
260 388
260 452
261 325
261 389
261 453
262 326
262 390
262 454
263 327
263 391
263 455
264 328
264 392
264 456
265 329
265 393
265 457
266 330
266 394
266 458
267 331
267 395
267 459
268 332
268 396
268 460
269 333
269 397
269 461
270 334
270 398
270 462
271 335
271 399
271 463
272 336
272 400
272 464
273 337
273 401
273 465
274 338
274 402
274 466
275 339
275 403
275 467
276 340
276 404
276 468
277 341
277 405
277 469
278 342
278 406
278 470
279 343
279 407
279 471
280 344
280 408
280 472
281 345
281 409
281 473
282 346
282 410
282 474
283 347
283 411
283 475
284 348
284 412
284 476
285 349
285 413
285 477
286 350
286 414
286 478
287 351
287 415
287 479
288 352
288 416
288 480
289 353
289 417
289 481
290 354
290 418
290 482
291 355
291 419
291 483
292 356
292 420
292 484
293 357
293 421
293 485
294 358
294 365
294 422
294 486
295 359
295 423
295 437
295 487
296 360
296 424
296 488
296 509
297 353
297 361
297 425
297 489
298 354
298 362
298 426
298 490
299 355
299 363
299 427
299 491
300 356
300 364
300 428
300 492
301 357
301 365
301 429
301 493
302 358
302 366
302 430
302 494
303 359
303 367
303 431
303 495
304 360
304 368
304 432
304 496
305 369
305 417
305 433
305 497
306 370
306 418
306 434
306 498
307 371
307 419
307 435
307 499
308 372
308 420
308 436
308 500
309 373
309 421
309 437
309 501
310 374
310 422
310 438
310 502
311 375
311 423
311 439
311 503
312 376
312 424
312 440
312 504
313 377
313 441
313 481
313 505
314 378
314 442
314 482
314 506
315 379
315 443
315 483
315 507
316 380
316 444
316 484
316 508
317 381
317 445
317 485
317 509
318 382
318 446
318 486
318 510
319 383
319 447
319 487
319 511
320 384
320 448
320 488
320 512
321 385
321 449
322 386
322 450
323 387
323 451
324 388
324 452
325 389
325 453
326 390
326 454
327 391
327 455
328 392
328 456
329 393
329 457
330 394
330 458
331 395
331 459
332 396
332 460
333 397
333 461
334 398
334 462
335 399
335 463
336 400
336 464
337 401
337 465
338 402
338 466
339 403
339 467
340 404
340 468
341 405
341 469
342 406
342 470
343 407
343 471
344 408
344 472
345 409
345 473
346 410
346 474
347 411
347 475
348 412
348 476
349 413
349 477
350 414
350 478
351 415
351 479
352 416
352 480
353 417
353 481
354 418
354 482
355 419
355 483
356 420
356 484
357 421
357 485
358 422
358 486
359 423
359 487
360 424
360 488
361 425
361 489
362 426
362 490
363 427
363 491
364 428
364 492
365 429
365 493
366 430
366 494
367 431
367 438
367 495
368 432
368 496
368 510
369 425
369 433
369 497
370 426
370 434
370 498
371 427
371 435
371 499
372 428
372 436
372 500
373 429
373 437
373 501
374 430
374 438
374 502
375 431
375 439
375 503
376 432
376 440
376 504
377 441
377 489
377 505
378 442
378 490
378 506
379 443
379 491
379 507
380 444
380 492
380 508
381 445
381 493
381 509
382 446
382 494
382 510
383 447
383 495
383 511
384 448
384 496
384 512
385 449
386 450
387 451
388 452
389 453
390 454
391 455
392 456
393 457
394 458
395 459
396 460
397 461
398 462
399 463
400 464
401 465
402 466
403 467
404 468
405 469
406 470
407 471
408 472
409 473
410 474
411 475
412 476
413 477
414 478
415 479
416 480
417 481
418 482
419 483
420 484
421 485
422 486
423 487
424 488
425 489
426 490
427 491
428 492
429 493
430 494
431 495
432 496
433 497
434 498
435 499
436 500
437 501
438 502
439 503
440 504
440 511
441 497
441 505
442 498
442 506
443 499
443 507
444 500
444 508
445 501
445 509
446 502
446 510
447 503
447 511
448 504
448 512
