1 37
1 73
1 109
1 145
1 181
2 38
2 43
2 74
2 110
2 146
2 182
3 39
3 75
3 85
3 111
3 147
3 183
4 40
4 76
4 112
4 127
4 148
4 184
5 41
5 77
5 113
5 149
5 169
5 185
6 42
6 78
6 114
6 150
6 186
6 211
7 37
7 43
7 79
7 115
7 151
7 187
8 38
8 44
8 80
8 116
8 152
8 188
9 39
9 45
9 81
9 117
9 153
9 189
10 40
10 46
10 82
10 118
10 154
10 190
11 41
11 47
11 83
11 119
11 155
11 191
12 42
12 48
12 84
12 120
12 156
12 192
13 49
13 73
13 85
13 121
13 157
13 193
14 50
14 74
14 86
14 122
14 158
14 194
15 51
15 75
15 87
15 123
15 159
15 195
16 52
16 76
16 88
16 124
16 160
16 196
17 53
17 77
17 89
17 125
17 161
17 197
18 54
18 78
18 90
18 126
18 162
18 198
19 55
19 91
19 109
19 127
19 163
19 199
20 56
20 92
20 110
20 128
20 164
20 200
21 57
21 93
21 111
21 129
21 165
21 201
22 58
22 94
22 112
22 130
22 166
22 202
23 59
23 95
23 113
23 131
23 167
23 203
24 60
24 96
24 114
24 132
24 168
24 204
25 61
25 97
25 133
25 145
25 169
25 205
26 62
26 98
26 134
26 146
26 170
26 206
27 63
27 99
27 135
27 147
27 171
27 207
28 64
28 100
28 136
28 148
28 172
28 208
29 65
29 101
29 137
29 149
29 173
29 209
30 66
30 102
30 138
30 150
30 174
30 210
31 67
31 103
31 139
31 175
31 181
31 211
32 68
32 104
32 140
32 176
32 182
32 212
33 69
33 105
33 141
33 177
33 183
33 213
34 70
34 106
34 142
34 178
34 184
34 214
35 71
35 107
35 143
35 179
35 185
35 215
36 72
36 108
36 144
36 180
36 186
36 216
37 73
37 109
37 145
37 181
38 74
38 110
38 146
38 182
39 75
39 111
39 147
39 183
40 76
40 112
40 148
40 184
41 77
41 113
41 149
41 185
42 78
42 114
42 150
42 186
43 79
43 115
43 151
43 187
44 80
44 116
44 152
44 188
45 81
45 86
45 117
45 153
45 189
46 82
46 118
46 128
46 154
46 190
47 83
47 119
47 155
47 170
47 191
48 84
48 120
48 156
48 192
48 212
49 79
49 85
49 121
49 157
49 193
50 80
50 86
50 122
50 158
50 194
51 81
51 87
51 123
51 159
51 195
52 82
52 88
52 124
52 160
52 196
53 83
53 89
53 125
53 161
53 197
54 84
54 90
54 126
54 162
54 198
55 91
55 115
55 127
55 163
55 199
56 92
56 116
56 128
56 164
56 200
57 93
57 117
57 129
57 165
57 201
58 94
58 118
58 130
58 166
58 202
59 95
59 119
59 131
59 167
59 203
60 96
60 120
60 132
60 168
60 204
61 97
61 133
61 151
61 169
61 205
62 98
62 134
62 152
62 170
62 206
63 99
63 135
63 153
63 171
63 207
64 100
64 136
64 154
64 172
64 208
65 101
65 137
65 155
65 173
65 209
66 102
66 138
66 156
66 174
66 210
67 103
67 139
67 175
67 187
67 211
68 104
68 140
68 176
68 188
68 212
69 105
69 141
69 177
69 189
69 213
70 106
70 142
70 178
70 190
70 214
71 107
71 143
71 179
71 191
71 215
72 108
72 144
72 180
72 192
72 216
73 109
73 145
73 181
74 110
74 146
74 182
75 111
75 147
75 183
76 112
76 148
76 184
77 113
77 149
77 185
78 114
78 150
78 186
79 115
79 151
79 187
80 116
80 152
80 188
81 117
81 153
81 189
82 118
82 154
82 190
83 119
83 155
83 191
84 120
84 156
84 192
85 121
85 157
85 193
86 122
86 158
86 194
87 123
87 159
87 195
88 124
88 129
88 160
88 196
89 125
89 161
89 171
89 197
90 126
90 162
90 198
90 213
91 121
91 127
91 163
91 199
92 122
92 128
92 164
92 200
93 123
93 129
93 165
93 201
94 124
94 130
94 166
94 202
95 125
95 131
95 167
95 203
96 126
96 132
96 168
96 204
97 133
97 157
97 169
97 205
98 134
98 158
98 170
98 206
99 135
99 159
99 171
99 207
100 136
100 160
100 172
100 208
101 137
101 161
101 173
101 209
102 138
102 162
102 174
102 210
103 139
103 175
103 193
103 211
104 140
104 176
104 194
104 212
105 141
105 177
105 195
105 213
106 142
106 178
106 196
106 214
107 143
107 179
107 197
107 215
108 144
108 180
108 198
108 216
109 145
109 181
110 146
110 182
111 147
111 183
112 148
112 184
113 149
113 185
114 150
114 186
115 151
115 187
116 152
116 188
117 153
117 189
118 154
118 190
119 155
119 191
120 156
120 192
121 157
121 193
122 158
122 194
123 159
123 195
124 160
124 196
125 161
125 197
126 162
126 198
127 163
127 199
128 164
128 200
129 165
129 201
130 166
130 202
131 167
131 172
131 203
132 168
132 204
132 214
133 163
133 169
133 205
134 164
134 170
134 206
135 165
135 171
135 207
136 166
136 172
136 208
137 167
137 173
137 209
138 168
138 174
138 210
139 175
139 199
139 211
140 176
140 200
140 212
141 177
141 201
141 213
142 178
142 202
142 214
143 179
143 203
143 215
144 180
144 204
144 216
145 181
146 182
147 183
148 184
149 185
150 186
151 187
152 188
153 189
154 190
155 191
156 192
157 193
158 194
159 195
160 196
161 197
162 198
163 199
164 200
165 201
166 202
167 203
168 204
169 205
170 206
171 207
172 208
173 209
174 210
174 215
175 205
175 211
176 206
176 212
177 207
177 213
178 208
178 214
179 209
179 215
180 210
180 216
