1 257
1 513
1 769
2 258
2 341
2 514
2 770
3 259
3 515
3 681
3 771
4 260
4 516
4 772
4 1021
5 261
5 337
5 517
5 773
6 262
6 338
6 518
6 774
7 263
7 339
7 519
7 775
8 264
8 340
8 520
8 776
9 265
9 521
9 673
9 777
10 266
10 522
10 674
10 778
11 267
11 523
11 675
11 779
12 268
12 524
12 676
12 780
13 269
13 525
13 781
13 1009
14 270
14 526
14 782
14 1010
15 271
15 527
15 783
15 1011
16 272
16 528
16 784
16 1012
17 273
17 321
17 529
17 785
18 274
18 322
18 530
18 786
19 275
19 323
19 531
19 787
20 276
20 324
20 532
20 788
21 277
21 325
21 533
21 789
22 278
22 326
22 534
22 790
23 279
23 327
23 535
23 791
24 280
24 328
24 536
24 792
25 281
25 329
25 537
25 793
26 282
26 330
26 538
26 794
27 283
27 331
27 539
27 795
28 284
28 332
28 540
28 796
29 285
29 333
29 541
29 797
30 286
30 334
30 542
30 798
31 287
31 335
31 543
31 799
32 288
32 336
32 544
32 800
33 289
33 545
33 641
33 801
34 290
34 546
34 642
34 802
35 291
35 547
35 643
35 803
36 292
36 548
36 644
36 804
37 293
37 549
37 645
37 805
38 294
38 550
38 646
38 806
39 295
39 551
39 647
39 807
40 296
40 552
40 648
40 808
41 297
41 553
41 649
41 809
42 298
42 554
42 650
42 810
43 299
43 555
43 651
43 811
44 300
44 556
44 652
44 812
45 301
45 557
45 653
45 813
46 302
46 558
46 654
46 814
47 303
47 559
47 655
47 815
48 304
48 560
48 656
48 816
49 305
49 561
49 817
49 961
50 306
50 562
50 818
50 962
51 307
51 563
51 819
51 963
52 308
52 564
52 820
52 964
53 309
53 565
53 821
53 965
54 310
54 566
54 822
54 966
55 311
55 567
55 823
55 967
56 312
56 568
56 824
56 968
57 313
57 569
57 825
57 969
58 314
58 570
58 826
58 970
59 315
59 571
59 827
59 971
60 316
60 572
60 828
60 972
61 317
61 573
61 829
61 973
62 318
62 574
62 830
62 974
63 319
63 575
63 831
63 975
64 320
64 576
64 832
64 976
65 257
65 321
65 577
65 833
66 258
66 322
66 578
66 834
67 259
67 323
67 579
67 835
68 260
68 324
68 580
68 836
69 261
69 325
69 581
69 837
70 262
70 326
70 582
70 838
71 263
71 327
71 583
71 839
72 264
72 328
72 584
72 840
73 265
73 329
73 585
73 841
74 266
74 330
74 586
74 842
75 267
75 331
75 587
75 843
76 268
76 332
76 588
76 844
77 269
77 333
77 589
77 845
78 270
78 334
78 590
78 846
79 271
79 335
79 591
79 847
80 272
80 336
80 592
80 848
81 273
81 337
81 593
81 849
82 274
82 338
82 594
82 850
83 275
83 339
83 595
83 851
84 276
84 340
84 596
84 852
85 277
85 341
85 597
85 853
86 278
86 342
86 598
86 854
87 279
87 343
87 599
87 855
88 280
88 344
88 600
88 856
89 281
89 345
89 601
89 857
90 282
90 346
90 602
90 858
91 283
91 347
91 603
91 859
92 284
92 348
92 604
92 860
93 285
93 349
93 605
93 861
94 286
94 350
94 606
94 862
95 287
95 351
95 607
95 863
96 288
96 352
96 608
96 864
97 289
97 353
97 609
97 865
98 290
98 354
98 610
98 866
99 291
99 355
99 611
99 867
100 292
100 356
100 612
100 868
101 293
101 357
101 613
101 869
102 294
102 358
102 614
102 870
103 295
103 359
103 615
103 871
104 296
104 360
104 616
104 872
105 297
105 361
105 617
105 873
106 298
106 362
106 618
106 874
107 299
107 363
107 619
107 875
108 300
108 364
108 620
108 876
109 301
109 365
109 621
109 877
110 302
110 366
110 622
110 878
111 303
111 367
111 623
111 879
112 304
112 368
112 624
112 880
113 305
113 369
113 625
113 881
114 306
114 370
114 626
114 882
115 307
115 371
115 627
115 883
116 308
116 372
116 628
116 884
117 309
117 373
117 629
117 885
118 310
118 374
118 630
118 886
119 311
119 375
119 631
119 887
120 312
120 376
120 632
120 888
121 313
121 377
121 633
121 889
122 314
122 378
122 634
122 890
123 315
123 379
123 635
123 891
124 316
124 380
124 636
124 892
125 317
125 381
125 637
125 893
126 318
126 382
126 638
126 894
127 319
127 383
127 639
127 895
128 320
128 384
128 640
128 896
129 385
129 513
129 641
129 897
130 386
130 514
130 642
130 898
131 387
131 515
131 643
131 899
132 388
132 516
132 644
132 900
133 389
133 517
133 645
133 901
134 390
134 518
134 646
134 902
135 391
135 519
135 647
135 903
136 392
136 520
136 648
136 904
137 393
137 521
137 649
137 905
138 394
138 522
138 650
138 906
139 395
139 523
139 651
139 907
140 396
140 524
140 652
140 908
141 397
141 525
141 653
141 909
142 398
142 526
142 654
142 910
143 399
143 527
143 655
143 911
144 400
144 528
144 656
144 912
145 401
145 529
145 657
145 913
146 402
146 530
146 658
146 914
147 403
147 531
147 659
147 915
148 404
148 532
148 660
148 916
149 405
149 533
149 661
149 917
150 406
150 534
150 662
150 918
151 407
151 535
151 663
151 919
152 408
152 536
152 664
152 920
153 409
153 537
153 665
153 921
154 410
154 538
154 666
154 922
155 411
155 539
155 667
155 923
156 412
156 540
156 668
156 924
157 413
157 541
157 669
157 925
158 414
158 542
158 670
158 926
159 415
159 543
159 671
159 927
160 416
160 544
160 672
160 928
161 417
161 545
161 673
161 929
162 418
162 546
162 674
162 930
163 419
163 547
163 675
163 931
164 420
164 548
164 676
164 932
165 421
165 549
165 677
165 933
166 422
166 550
166 678
166 934
167 423
167 551
167 679
167 935
168 424
168 552
168 680
168 936
169 425
169 553
169 681
169 937
170 426
170 554
170 682
170 938
171 427
171 555
171 683
171 939
172 428
172 556
172 684
172 940
173 429
173 557
173 685
173 941
174 430
174 558
174 686
174 942
175 431
175 559
175 687
175 943
176 432
176 560
176 688
176 944
177 433
177 561
177 689
177 945
178 434
178 562
178 690
178 946
179 435
179 563
179 691
179 947
180 436
180 564
180 692
180 948
181 437
181 565
181 693
181 949
182 438
182 566
182 694
182 950
183 439
183 567
183 695
183 951
184 440
184 568
184 696
184 952
185 441
185 569
185 697
185 953
186 442
186 570
186 698
186 954
187 443
187 571
187 699
187 955
188 444
188 572
188 700
188 956
189 445
189 573
189 701
189 957
190 446
190 574
190 702
190 958
191 447
191 575
191 703
191 959
192 448
192 576
192 704
192 960
193 449
193 705
193 769
193 961
194 450
194 706
194 770
194 962
195 451
195 707
195 771
195 963
196 452
196 708
196 772
196 964
197 453
197 709
197 773
197 965
198 454
198 710
198 774
198 966
199 455
199 711
199 775
199 967
200 456
200 712
200 776
200 968
201 457
201 713
201 777
201 969
202 458
202 714
202 778
202 970
203 459
203 715
203 779
203 971
204 460
204 716
204 780
204 972
205 461
205 717
205 781
205 973
206 462
206 718
206 782
206 974
207 463
207 719
207 783
207 975
208 464
208 720
208 784
208 976
209 465
209 721
209 785
209 977
210 466
210 722
210 786
210 978
211 467
211 723
211 787
211 979
212 468
212 724
212 788
212 980
213 469
213 725
213 789
213 981
214 470
214 726
214 790
214 982
215 471
215 727
215 791
215 983
216 472
216 728
216 792
216 984
217 473
217 729
217 793
217 985
218 474
218 730
218 794
218 986
219 475
219 731
219 795
219 987
220 476
220 732
220 796
220 988
221 477
221 733
221 797
221 989
222 478
222 734
222 798
222 990
223 479
223 735
223 799
223 991
224 480
224 736
224 800
224 992
225 481
225 737
225 801
225 993
226 482
226 738
226 802
226 994
227 483
227 739
227 803
227 995
228 484
228 740
228 804
228 996
229 485
229 741
229 805
229 997
230 486
230 742
230 806
230 998
231 487
231 743
231 807
231 999
232 488
232 744
232 808
232 1000
233 489
233 745
233 809
233 1001
234 490
234 746
234 810
234 1002
235 491
235 747
235 811
235 1003
236 492
236 748
236 812
236 1004
237 493
237 749
237 813
237 1005
238 494
238 750
238 814
238 1006
239 495
239 751
239 815
239 1007
240 496
240 752
240 816
240 1008
241 497
241 753
241 817
241 1009
242 498
242 754
242 818
242 1010
243 499
243 755
243 819
243 1011
244 500
244 756
244 820
244 1012
245 501
245 757
245 821
245 1013
246 502
246 758
246 822
246 1014
247 503
247 759
247 823
247 1015
248 504
248 760
248 824
248 1016
249 505
249 761
249 825
249 1017
250 506
250 762
250 826
250 1018
251 507
251 763
251 827
251 1019
252 508
252 764
252 828
252 1020
253 509
253 765
253 829
253 1021
254 510
254 766
254 830
254 1022
255 511
255 767
255 831
255 1023
256 512
256 768
256 832
256 1024
257 513
257 769
258 514
258 770
259 515
259 771
260 516
260 772
261 517
261 773
262 518
262 774
263 519
263 775
264 520
264 776
265 521
265 777
266 522
266 778
267 523
267 779
268 524
268 780
269 525
269 781
270 526
270 782
271 527
271 783
272 528
272 784
273 529
273 785
274 530
274 786
275 531
275 787
276 532
276 788
277 533
277 789
278 534
278 790
279 535
279 791
280 536
280 792
281 537
281 793
282 538
282 794
283 539
283 795
284 540
284 796
285 541
285 797
286 542
286 798
287 543
287 799
288 544
288 800
289 545
289 801
290 546
290 802
291 547
291 803
292 548
292 804
293 549
293 805
294 550
294 806
295 551
295 807
296 552
296 808
297 553
297 809
298 554
298 810
299 555
299 811
300 556
300 812
301 557
301 813
302 558
302 814
303 559
303 815
304 560
304 816
305 561
305 817
306 562
306 818
307 563
307 819
308 564
308 820
309 565
309 821
310 566
310 822
311 567
311 823
312 568
312 824
313 569
313 825
314 570
314 826
315 571
315 827
316 572
316 828
317 573
317 829
318 574
318 830
319 575
319 831
320 576
320 832
321 577
321 833
322 578
322 834
323 579
323 835
324 580
324 836
325 581
325 837
326 582
326 838
327 583
327 839
328 584
328 840
329 585
329 841
330 586
330 842
331 587
331 843
332 588
332 844
333 589
333 845
334 590
334 846
335 591
335 847
336 592
336 848
337 593
337 849
338 594
338 850
339 595
339 851
340 596
340 852
341 597
341 853
342 598
342 854
343 599
343 682
343 855
344 600
344 856
344 1022
345 601
345 677
345 857
346 602
346 678
346 858
347 603
347 679
347 859
348 604
348 680
348 860
349 605
349 861
349 1013
350 606
350 862
350 1014
351 607
351 863
351 1015
352 608
352 864
352 1016
353 609
353 657
353 865
354 610
354 658
354 866
355 611
355 659
355 867
356 612
356 660
356 868
357 613
357 661
357 869
358 614
358 662
358 870
359 615
359 663
359 871
360 616
360 664
360 872
361 617
361 665
361 873
362 618
362 666
362 874
363 619
363 667
363 875
364 620
364 668
364 876
365 621
365 669
365 877
366 622
366 670
366 878
367 623
367 671
367 879
368 624
368 672
368 880
369 625
369 881
369 977
370 626
370 882
370 978
371 627
371 883
371 979
372 628
372 884
372 980
373 629
373 885
373 981
374 630
374 886
374 982
375 631
375 887
375 983
376 632
376 888
376 984
377 633
377 889
377 985
378 634
378 890
378 986
379 635
379 891
379 987
380 636
380 892
380 988
381 637
381 893
381 989
382 638
382 894
382 990
383 639
383 895
383 991
384 640
384 896
384 992
385 577
385 641
385 897
386 578
386 642
386 898
387 579
387 643
387 899
388 580
388 644
388 900
389 581
389 645
389 901
390 582
390 646
390 902
391 583
391 647
391 903
392 584
392 648
392 904
393 585
393 649
393 905
394 586
394 650
394 906
395 587
395 651
395 907
396 588
396 652
396 908
397 589
397 653
397 909
398 590
398 654
398 910
399 591
399 655
399 911
400 592
400 656
400 912
401 593
401 657
401 913
402 594
402 658
402 914
403 595
403 659
403 915
404 596
404 660
404 916
405 597
405 661
405 917
406 598
406 662
406 918
407 599
407 663
407 919
408 600
408 664
408 920
409 601
409 665
409 921
410 602
410 666
410 922
411 603
411 667
411 923
412 604
412 668
412 924
413 605
413 669
413 925
414 606
414 670
414 926
415 607
415 671
415 927
416 608
416 672
416 928
417 609
417 673
417 929
418 610
418 674
418 930
419 611
419 675
419 931
420 612
420 676
420 932
421 613
421 677
421 933
422 614
422 678
422 934
423 615
423 679
423 935
424 616
424 680
424 936
425 617
425 681
425 937
426 618
426 682
426 938
427 619
427 683
427 939
428 620
428 684
428 940
429 621
429 685
429 941
430 622
430 686
430 942
431 623
431 687
431 943
432 624
432 688
432 944
433 625
433 689
433 945
434 626
434 690
434 946
435 627
435 691
435 947
436 628
436 692
436 948
437 629
437 693
437 949
438 630
438 694
438 950
439 631
439 695
439 951
440 632
440 696
440 952
441 633
441 697
441 953
442 634
442 698
442 954
443 635
443 699
443 955
444 636
444 700
444 956
445 637
445 701
445 957
446 638
446 702
446 958
447 639
447 703
447 959
448 640
448 704
448 960
449 705
449 833
449 961
450 706
450 834
450 962
451 707
451 835
451 963
452 708
452 836
452 964
453 709
453 837
453 965
454 710
454 838
454 966
455 711
455 839
455 967
456 712
456 840
456 968
457 713
457 841
457 969
458 714
458 842
458 970
459 715
459 843
459 971
460 716
460 844
460 972
461 717
461 845
461 973
462 718
462 846
462 974
463 719
463 847
463 975
464 720
464 848
464 976
465 721
465 849
465 977
466 722
466 850
466 978
467 723
467 851
467 979
468 724
468 852
468 980
469 725
469 853
469 981
470 726
470 854
470 982
471 727
471 855
471 983
472 728
472 856
472 984
473 729
473 857
473 985
474 730
474 858
474 986
475 731
475 859
475 987
476 732
476 860
476 988
477 733
477 861
477 989
478 734
478 862
478 990
479 735
479 863
479 991
480 736
480 864
480 992
481 737
481 865
481 993
482 738
482 866
482 994
483 739
483 867
483 995
484 740
484 868
484 996
485 741
485 869
485 997
486 742
486 870
486 998
487 743
487 871
487 999
488 744
488 872
488 1000
489 745
489 873
489 1001
490 746
490 874
490 1002
491 747
491 875
491 1003
492 748
492 876
492 1004
493 749
493 877
493 1005
494 750
494 878
494 1006
495 751
495 879
495 1007
496 752
496 880
496 1008
497 753
497 881
497 1009
498 754
498 882
498 1010
499 755
499 883
499 1011
500 756
500 884
500 1012
501 757
501 885
501 1013
502 758
502 886
502 1014
503 759
503 887
503 1015
504 760
504 888
504 1016
505 761
505 889
505 1017
506 762
506 890
506 1018
507 763
507 891
507 1019
508 764
508 892
508 1020
509 765
509 893
509 1021
510 766
510 894
510 1022
511 767
511 895
511 1023
512 768
512 896
512 1024
513 769
514 770
515 771
516 772
517 773
518 774
519 775
520 776
521 777
522 778
523 779
524 780
525 781
526 782
527 783
528 784
529 785
530 786
531 787
532 788
533 789
534 790
535 791
536 792
537 793
538 794
539 795
540 796
541 797
542 798
543 799
544 800
545 801
546 802
547 803
548 804
549 805
550 806
551 807
552 808
553 809
554 810
555 811
556 812
557 813
558 814
559 815
560 816
561 817
562 818
563 819
564 820
565 821
566 822
567 823
568 824
569 825
570 826
571 827
572 828
573 829
574 830
575 831
576 832
577 833
578 834
579 835
580 836
581 837
582 838
583 839
584 840
585 841
586 842
587 843
588 844
589 845
590 846
591 847
592 848
593 849
594 850
595 851
596 852
597 853
598 854
599 855
600 856
601 857
602 858
603 859
604 860
605 861
606 862
607 863
608 864
609 865
610 866
611 867
612 868
613 869
614 870
615 871
616 872
617 873
618 874
619 875
620 876
621 877
622 878
623 879
624 880
625 881
626 882
627 883
628 884
629 885
630 886
631 887
632 888
633 889
634 890
635 891
636 892
637 893
638 894
639 895
640 896
641 897
642 898
643 899
644 900
645 901
646 902
647 903
648 904
649 905
650 906
651 907
652 908
653 909
654 910
655 911
656 912
657 913
658 914
659 915
660 916
661 917
662 918
663 919
664 920
665 921
666 922
667 923
668 924
669 925
670 926
671 927
672 928
673 929
674 930
675 931
676 932
677 933
678 934
679 935
680 936
681 937
682 938
683 939
684 940
684 1023
685 941
685 1017
686 942
686 1018
687 943
687 1019
688 944
688 1020
689 945
689 993
690 946
690 994
691 947
691 995
692 948
692 996
693 949
693 997
694 950
694 998
695 951
695 999
696 952
696 1000
697 953
697 1001
698 954
698 1002
699 955
699 1003
700 956
700 1004
701 957
701 1005
702 958
702 1006
703 959
703 1007
704 960
704 1008
705 897
705 961
706 898
706 962
707 899
707 963
708 900
708 964
709 901
709 965
710 902
710 966
711 903
711 967
712 904
712 968
713 905
713 969
714 906
714 970
715 907
715 971
716 908
716 972
717 909
717 973
718 910
718 974
719 911
719 975
720 912
720 976
721 913
721 977
722 914
722 978
723 915
723 979
724 916
724 980
725 917
725 981
726 918
726 982
727 919
727 983
728 920
728 984
729 921
729 985
730 922
730 986
731 923
731 987
732 924
732 988
733 925
733 989
734 926
734 990
735 927
735 991
736 928
736 992
737 929
737 993
738 930
738 994
739 931
739 995
740 932
740 996
741 933
741 997
742 934
742 998
743 935
743 999
744 936
744 1000
745 937
745 1001
746 938
746 1002
747 939
747 1003
748 940
748 1004
749 941
749 1005
750 942
750 1006
751 943
751 1007
752 944
752 1008
753 945
753 1009
754 946
754 1010
755 947
755 1011
756 948
756 1012
757 949
757 1013
758 950
758 1014
759 951
759 1015
760 952
760 1016
761 953
761 1017
762 954
762 1018
763 955
763 1019
764 956
764 1020
765 957
765 1021
766 958
766 1022
767 959
767 1023
768 960
768 1024
