1 82
1 163
2 83
2 121
2 164
3 84
3 165
3 241
4 85
4 118
4 166
5 86
5 119
5 167
6 87
6 120
6 168
7 88
7 169
7 235
8 89
8 170
8 236
9 90
9 171
9 237
10 91
10 109
10 172
11 92
11 110
11 173
12 93
12 111
12 174
13 94
13 112
13 175
14 95
14 113
14 176
15 96
15 114
15 177
16 97
16 115
16 178
17 98
17 116
17 179
18 99
18 117
18 180
19 100
19 181
19 217
20 101
20 182
20 218
21 102
21 183
21 219
22 103
22 184
22 220
23 104
23 185
23 221
24 105
24 186
24 222
25 106
25 187
25 223
26 107
26 188
26 224
27 108
27 189
27 225
28 82
28 109
28 190
29 83
29 110
29 191
30 84
30 111
30 192
31 85
31 112
31 193
32 86
32 113
32 194
33 87
33 114
33 195
34 88
34 115
34 196
35 89
35 116
35 197
36 90
36 117
36 198
37 91
37 118
37 199
38 92
38 119
38 200
39 93
39 120
39 201
40 94
40 121
40 202
41 95
41 122
41 203
42 96
42 123
42 204
43 97
43 124
43 205
44 98
44 125
44 206
45 99
45 126
45 207
46 100
46 127
46 208
47 101
47 128
47 209
48 102
48 129
48 210
49 103
49 130
49 211
50 104
50 131
50 212
51 105
51 132
51 213
52 106
52 133
52 214
53 107
53 134
53 215
54 108
54 135
54 216
55 136
55 163
55 217
56 137
56 164
56 218
57 138
57 165
57 219
58 139
58 166
58 220
59 140
59 167
59 221
60 141
60 168
60 222
61 142
61 169
61 223
62 143
62 170
62 224
63 144
63 171
63 225
64 145
64 172
64 226
65 146
65 173
65 227
66 147
66 174
66 228
67 148
67 175
67 229
68 149
68 176
68 230
69 150
69 177
69 231
70 151
70 178
70 232
71 152
71 179
71 233
72 153
72 180
72 234
73 154
73 181
73 235
74 155
74 182
74 236
75 156
75 183
75 237
76 157
76 184
76 238
77 158
77 185
77 239
78 159
78 186
78 240
79 160
79 187
79 241
80 161
80 188
80 242
81 162
81 189
81 243
82 163
83 164
84 165
85 166
86 167
87 168
88 169
89 170
90 171
91 172
92 173
93 174
94 175
95 176
96 177
97 178
98 179
99 180
100 181
101 182
102 183
103 184
104 185
105 186
106 187
107 188
108 189
109 190
110 191
111 192
112 193
113 194
114 195
115 196
116 197
117 198
118 199
119 200
120 201
121 202
122 203
123 204
123 242
124 205
124 238
125 206
125 239
126 207
126 240
127 208
127 226
128 209
128 227
129 210
129 228
130 211
130 229
131 212
131 230
132 213
132 231
133 214
133 232
134 215
134 233
135 216
135 234
136 190
136 217
137 191
137 218
138 192
138 219
139 193
139 220
140 194
140 221
141 195
141 222
142 196
142 223
143 197
143 224
144 198
144 225
145 199
145 226
146 200
146 227
147 201
147 228
148 202
148 229
149 203
149 230
150 204
150 231
151 205
151 232
152 206
152 233
153 207
153 234
154 208
154 235
155 209
155 236
156 210
156 237
157 211
157 238
158 212
158 239
159 213
159 240
160 214
160 241
161 215
161 242
162 216
162 243
