1 3
1 5
1 798
2 3
2 6
2 797
3 4
4 8
4 800
5 7
5 9
6 7
6 10
7 8
8 12
9 11
9 13
10 11
10 14
11 12
12 16
13 15
13 17
14 15
14 18
15 16
16 20
17 19
17 21
18 19
18 22
19 20
20 24
21 23
21 25
22 23
22 26
23 24
24 28
25 27
25 29
26 27
26 30
27 28
28 32
29 31
29 33
30 31
30 34
31 32
32 36
33 35
33 37
34 35
34 38
35 36
36 40
37 39
37 41
38 39
38 42
39 40
40 44
41 43
41 45
42 43
42 46
43 44
44 48
45 47
45 49
46 47
46 50
47 48
48 52
49 51
49 53
50 51
50 54
51 52
52 56
53 55
53 57
54 55
54 58
55 56
56 60
57 59
57 61
58 59
58 62
59 60
60 64
61 63
61 65
62 63
62 66
63 64
64 68
65 67
65 69
66 67
66 70
67 68
68 72
69 71
69 73
70 71
70 74
71 72
72 76
73 75
73 77
74 75
74 78
75 76
76 80
77 79
77 81
78 79
78 82
79 80
80 84
81 83
81 85
82 83
82 86
83 84
84 88
85 87
85 89
86 87
86 90
87 88
88 92
89 91
89 93
90 91
90 94
91 92
92 96
93 95
93 97
94 95
94 98
95 96
96 100
97 99
97 101
98 99
98 102
99 100
100 104
101 103
101 105
102 103
102 106
103 104
104 108
105 107
105 109
106 107
106 110
107 108
108 112
109 111
109 113
110 111
110 114
111 112
112 116
113 115
113 117
114 115
114 118
115 116
116 120
117 119
117 121
118 119
118 122
119 120
120 124
121 123
121 125
122 123
122 126
123 124
124 128
125 127
125 129
126 127
126 130
127 128
128 132
129 131
129 133
130 131
130 134
131 132
132 136
133 135
133 137
134 135
134 138
135 136
136 140
137 139
137 141
138 139
138 142
139 140
140 144
141 143
141 145
142 143
142 146
143 144
144 148
145 147
145 149
146 147
146 150
147 148
148 152
149 151
149 153
150 151
150 154
151 152
152 156
153 155
153 157
154 155
154 158
155 156
156 160
157 159
157 161
158 159
158 162
159 160
160 164
161 163
161 165
162 163
162 166
163 164
164 168
165 167
165 169
166 167
166 170
167 168
168 172
169 171
169 173
170 171
170 174
171 172
172 176
173 175
173 177
174 175
174 178
175 176
176 180
177 179
177 181
178 179
178 182
179 180
180 184
181 183
181 185
182 183
182 186
183 184
184 188
185 187
185 189
186 187
186 190
187 188
188 192
189 191
189 193
190 191
190 194
191 192
192 196
193 195
193 197
194 195
194 198
195 196
196 200
197 199
197 201
198 199
198 202
199 200
200 204
201 203
201 205
202 203
202 206
203 204
204 208
205 207
205 209
206 207
206 210
207 208
208 212
209 211
209 213
210 211
210 214
211 212
212 216
213 215
213 217
214 215
214 218
215 216
216 220
217 219
217 221
218 219
218 222
219 220
220 224
221 223
221 225
222 223
222 226
223 224
224 228
225 227
225 229
226 227
226 230
227 228
228 232
229 231
229 233
230 231
230 234
231 232
232 236
233 235
233 237
234 235
234 238
235 236
236 240
237 239
237 241
238 239
238 242
239 240
240 244
241 243
241 245
242 243
242 246
243 244
244 248
245 247
245 249
246 247
246 250
247 248
248 252
249 251
249 253
250 251
250 254
251 252
252 256
253 255
253 257
254 255
254 258
255 256
256 260
257 259
257 261
258 259
258 262
259 260
260 264
261 263
261 265
262 263
262 266
263 264
264 268
265 267
265 269
266 267
266 270
267 268
268 272
269 271
269 273
270 271
270 274
271 272
272 276
273 275
273 277
274 275
274 278
275 276
276 280
277 279
277 281
278 279
278 282
279 280
280 284
281 283
281 285
282 283
282 286
283 284
284 288
285 287
285 289
286 287
286 290
287 288
288 292
289 291
289 293
290 291
290 294
291 292
292 296
293 295
293 297
294 295
294 298
295 296
296 300
297 299
297 301
298 299
298 302
299 300
300 304
301 303
301 305
302 303
302 306
303 304
304 308
305 307
305 309
306 307
306 310
307 308
308 312
309 311
309 313
310 311
310 314
311 312
312 316
313 315
313 317
314 315
314 318
315 316
316 320
317 319
317 321
318 319
318 322
319 320
320 324
321 323
321 325
322 323
322 326
323 324
324 328
325 327
325 329
326 327
326 330
327 328
328 332
329 331
329 333
330 331
330 334
331 332
332 336
333 335
333 337
334 335
334 338
335 336
336 340
337 339
337 341
338 339
338 342
339 340
340 344
341 343
341 345
342 343
342 346
343 344
344 348
345 347
345 349
346 347
346 350
347 348
348 352
349 351
349 353
350 351
350 354
351 352
352 356
353 355
353 357
354 355
354 358
355 356
356 360
357 359
357 361
358 359
358 362
359 360
360 364
361 363
361 365
362 363
362 366
363 364
364 368
365 367
365 369
366 367
366 370
367 368
368 372
369 371
369 373
370 371
370 374
371 372
372 376
373 375
373 377
374 375
374 378
375 376
376 380
377 379
377 381
378 379
378 382
379 380
380 384
381 383
381 385
382 383
382 386
383 384
384 388
385 387
385 389
386 387
386 390
387 388
388 392
389 391
389 393
390 391
390 394
391 392
392 396
393 395
393 397
394 395
394 398
395 396
396 400
397 399
397 401
398 399
398 402
399 400
400 404
401 403
401 405
402 403
402 406
403 404
404 408
405 407
405 409
406 407
406 410
407 408
408 412
409 411
409 413
410 411
410 414
411 412
412 416
413 415
413 417
414 415
414 418
415 416
416 420
417 419
417 421
418 419
418 422
419 420
420 424
421 423
421 425
422 423
422 426
423 424
424 428
425 427
425 429
426 427
426 430
427 428
428 432
429 431
429 433
430 431
430 434
431 432
432 436
433 435
433 437
434 435
434 438
435 436
436 440
437 439
437 441
438 439
438 442
439 440
440 444
441 443
441 445
442 443
442 446
443 444
444 448
445 447
445 449
446 447
446 450
447 448
448 452
449 451
449 453
450 451
450 454
451 452
452 456
453 455
453 457
454 455
454 458
455 456
456 460
457 459
457 461
458 459
458 462
459 460
460 464
461 463
461 465
462 463
462 466
463 464
464 468
465 467
465 469
466 467
466 470
467 468
468 472
469 471
469 473
470 471
470 474
471 472
472 476
473 475
473 477
474 475
474 478
475 476
476 480
477 479
477 481
478 479
478 482
479 480
480 484
481 483
481 485
482 483
482 486
483 484
484 488
485 487
485 489
486 487
486 490
487 488
488 492
489 491
489 493
490 491
490 494
491 492
492 496
493 495
493 497
494 495
494 498
495 496
496 500
497 499
497 501
498 499
498 502
499 500
500 504
501 503
501 505
502 503
502 506
503 504
504 508
505 507
505 509
506 507
506 510
507 508
508 512
509 511
509 513
510 511
510 514
511 512
512 516
513 515
513 517
514 515
514 518
515 516
516 520
517 519
517 521
518 519
518 522
519 520
520 524
521 523
521 525
522 523
522 526
523 524
524 528
525 527
525 529
526 527
526 530
527 528
528 532
529 531
529 533
530 531
530 534
531 532
532 536
533 535
533 537
534 535
534 538
535 536
536 540
537 539
537 541
538 539
538 542
539 540
540 544
541 543
541 545
542 543
542 546
543 544
544 548
545 547
545 549
546 547
546 550
547 548
548 552
549 551
549 553
550 551
550 554
551 552
552 556
553 555
553 557
554 555
554 558
555 556
556 560
557 559
557 561
558 559
558 562
559 560
560 564
561 563
561 565
562 563
562 566
563 564
564 568
565 567
565 569
566 567
566 570
567 568
568 572
569 571
569 573
570 571
570 574
571 572
572 576
573 575
573 577
574 575
574 578
575 576
576 580
577 579
577 581
578 579
578 582
579 580
580 584
581 583
581 585
582 583
582 586
583 584
584 588
585 587
585 589
586 587
586 590
587 588
588 592
589 591
589 593
590 591
590 594
591 592
592 596
593 595
593 597
594 595
594 598
595 596
596 600
597 599
597 601
598 599
598 602
599 600
600 604
601 603
601 605
602 603
602 606
603 604
604 608
605 607
605 609
606 607
606 610
607 608
608 612
609 611
609 613
610 611
610 614
611 612
612 616
613 615
613 617
614 615
614 618
615 616
616 620
617 619
617 621
618 619
618 622
619 620
620 624
621 623
621 625
622 623
622 626
623 624
624 628
625 627
625 629
626 627
626 630
627 628
628 632
629 631
629 633
630 631
630 634
631 632
632 636
633 635
633 637
634 635
634 638
635 636
636 640
637 639
637 641
638 639
638 642
639 640
640 644
641 643
641 645
642 643
642 646
643 644
644 648
645 647
645 649
646 647
646 650
647 648
648 652
649 651
649 653
650 651
650 654
651 652
652 656
653 655
653 657
654 655
654 658
655 656
656 660
657 659
657 661
658 659
658 662
659 660
660 664
661 663
661 665
662 663
662 666
663 664
664 668
665 667
665 669
666 667
666 670
667 668
668 672
669 671
669 673
670 671
670 674
671 672
672 676
673 675
673 677
674 675
674 678
675 676
676 680
677 679
677 681
678 679
678 682
679 680
680 684
681 683
681 685
682 683
682 686
683 684
684 688
685 687
685 689
686 687
686 690
687 688
688 692
689 691
689 693
690 691
690 694
691 692
692 696
693 695
693 697
694 695
694 698
695 696
696 700
697 699
697 701
698 699
698 702
699 700
700 704
701 703
701 705
702 703
702 706
703 704
704 708
705 707
705 709
706 707
706 710
707 708
708 712
709 711
709 713
710 711
710 714
711 712
712 716
713 715
713 717
714 715
714 718
715 716
716 720
717 719
717 721
718 719
718 722
719 720
720 724
721 723
721 725
722 723
722 726
723 724
724 728
725 727
725 729
726 727
726 730
727 728
728 732
729 731
729 733
730 731
730 734
731 732
732 736
733 735
733 737
734 735
734 738
735 736
736 740
737 739
737 741
738 739
738 742
739 740
740 744
741 743
741 745
742 743
742 746
743 744
744 748
745 747
745 749
746 747
746 750
747 748
748 752
749 751
749 753
750 751
750 754
751 752
752 756
753 755
753 757
754 755
754 758
755 756
756 760
757 759
757 761
758 759
758 762
759 760
760 764
761 763
761 765
762 763
762 766
763 764
764 768
765 767
765 769
766 767
766 770
767 768
768 772
769 771
769 773
770 771
770 774
771 772
772 776
773 775
773 777
774 775
774 778
775 776
776 780
777 779
777 781
778 779
778 782
779 780
780 784
781 783
781 785
782 783
782 786
783 784
784 788
785 787
785 789
786 787
786 790
787 788
788 792
789 791
789 793
790 791
790 794
791 792
792 796
793 795
793 797
794 795
794 798
795 796
796 800
797 799
798 799
799 800